 -0.786979395923812E+001  0.680112128199966E+002  0.328333452932270E+000 -0.706475902779180E+001 -0.705651111440109E+003 -0.705651111440109E+003
 -0.156776670029463E+002  0.680274036593298E+002  0.330317627499830E+000 -0.706475902779180E+001 -0.705650896162613E+003 -0.705650896162613E+003
 -0.197481261119127E+001  0.681189566479097E+002  0.330138290077317E+000 -0.706475902779180E+001 -0.705650354472024E+003 -0.705650354472024E+003
 -0.100739942866067E+002  0.680692369383123E+002  0.328298761126194E+000 -0.706475902779180E+001 -0.705650570465341E+003 -0.705650570465341E+003
 -0.110827524584896E+002  0.680392834634004E+002  0.329457113256838E+000 -0.706475902779180E+001 -0.705649134218412E+003 -0.705649134218412E+003
 -0.124554038894600E+002  0.680852088302017E+002  0.329854604627618E+000 -0.706475902779180E+001 -0.705649526863382E+003 -0.705649526863382E+003
 -0.151152215380488E+002  0.683190878107931E+002  0.328865892498461E+000 -0.706475902779180E+001 -0.705649794077045E+003 -0.705649794077045E+003
 -0.146959104535621E+002  0.680085343143822E+002  0.329363817695229E+000 -0.706475902779180E+001 -0.705649322569441E+003 -0.705649322569441E+003
 -0.189696074164673E+002  0.681478545474854E+002  0.329235773708079E+000 -0.706475902779180E+001 -0.705648788546819E+003 -0.705648788546819E+003
 -0.105985987966842E+002  0.681238579439707E+002  0.328141233495303E+000 -0.706475902779180E+001 -0.705650694927500E+003 -0.705650694927500E+003
 -0.966243395824609E+001  0.680102035048392E+002  0.328636508627805E+000 -0.706475902779180E+001 -0.705650203830290E+003 -0.705650203830290E+003
 -0.175780187785124E+002  0.679817811753247E+002  0.328536769681214E+000 -0.706475902779180E+001 -0.705650852593642E+003 -0.705650852593642E+003
 -0.157009216076524E+002  0.683478466975725E+002  0.328534865610207E+000 -0.706475902779180E+001 -0.705650327510548E+003 -0.705650327510548E+003
 -0.132141184244519E+002  0.682048862419923E+002  0.329306516995358E+000 -0.706475902779180E+001 -0.705649008520327E+003 -0.705649008520327E+003
 -0.116090088477104E+002  0.679801494550572E+002  0.329285383350739E+000 -0.706475902779180E+001 -0.705649606099931E+003 -0.705649606099931E+003
 -0.236858638491223E+001  0.679386151579033E+002  0.329833948851914E+000 -0.706475902779180E+001 -0.705650312362756E+003 -0.705650312362756E+003
 -0.724759335866339E+001  0.684237352933937E+002  0.329138400673421E+000 -0.706475902779180E+001 -0.705651600215450E+003 -0.705651600215450E+003
 -0.113179027757935E+002  0.679739685269287E+002  0.328467460910184E+000 -0.706475902779180E+001 -0.705651186728110E+003 -0.705651186728110E+003
 -0.442626821408984E+001  0.680275315147889E+002  0.329414006280204E+000 -0.706475902779180E+001 -0.705649188809687E+003 -0.705649188809687E+003
 -0.105102433949991E+002  0.680249117999427E+002  0.328805793504289E+000 -0.706475902779180E+001 -0.705649675189233E+003 -0.705649675189233E+003
 -0.985912196654132E+001  0.682040361809410E+002  0.328400694825781E+000 -0.706475902779180E+001 -0.705649685387260E+003 -0.705649685387260E+003
 -0.689512364824108E+001  0.683399917668505E+002  0.328788949986920E+000 -0.706475902779180E+001 -0.705650054726355E+003 -0.705650054726355E+003
 -0.699941087930686E+001  0.679835812221878E+002  0.328806985957285E+000 -0.706475902779180E+001 -0.705650146180882E+003 -0.705650146180882E+003
 -0.143314635873514E+002  0.678597183249522E+002  0.329743240824986E+000 -0.706475902779180E+001 -0.705651321951173E+003 -0.705651321951173E+003
 -0.186752578162449E+002  0.680603017591387E+002  0.330001318665701E+000 -0.706475902779180E+001 -0.705649891044484E+003 -0.705649891044484E+003
 -0.147454121400365E+002  0.682373695825643E+002  0.328317441102609E+000 -0.706475902779180E+001 -0.705649939271700E+003 -0.705649939271700E+003
 -0.160856070753597E+002  0.682468797313856E+002  0.329647749238529E+000 -0.706475902779180E+001 -0.705649860911666E+003 -0.705649860911666E+003
 -0.134202127466532E+002  0.679195547384188E+002  0.330315550002400E+000 -0.706475902779180E+001 -0.705651528219879E+003 -0.705651528219879E+003
 -0.154279492648445E+002  0.684221665021003E+002  0.328880111527112E+000 -0.706475902779180E+001 -0.705651331563377E+003 -0.705651331563377E+003
 -0.112988697032321E+002  0.681659358810637E+002  0.329110662827847E+000 -0.706475902779180E+001 -0.705648795392149E+003 -0.705648795392149E+003
 -0.164038274062303E+002  0.678779664193878E+002  0.330077203826869E+000 -0.706475902779180E+001 -0.705651452455586E+003 -0.705651452455586E+003
 -0.343475600464099E+001  0.680202889383730E+002  0.328952017617280E+000 -0.706475902779180E+001 -0.705649487544060E+003 -0.705649487544060E+003
 -0.843057773364197E+001  0.682328149000919E+002  0.327853987288415E+000 -0.706475902779180E+001 -0.705651459945057E+003 -0.705651459945057E+003
 -0.640280453123659E+001  0.682351839574114E+002  0.328109697551821E+000 -0.706475902779180E+001 -0.705650524288209E+003 -0.705650524288209E+003
 -0.555790950888082E+001  0.681219937869550E+002  0.328114276702563E+000 -0.706475902779180E+001 -0.705650807337973E+003 -0.705650807337973E+003
 -0.119181096150498E+002  0.680008447587157E+002  0.329990396496628E+000 -0.706475902779180E+001 -0.705650073358399E+003 -0.705650073358399E+003
 -0.136100324602633E+002  0.684254660359388E+002  0.328733008357145E+000 -0.706475902779180E+001 -0.705651360336161E+003 -0.705651360336161E+003
 -0.175449218216263E+001  0.682215764309499E+002  0.329827453590622E+000 -0.706475902779180E+001 -0.705650066152547E+003 -0.705650066152547E+003
 -0.806571922135103E+001  0.679375079484206E+002  0.329935637058555E+000 -0.706475902779180E+001 -0.705650476553694E+003 -0.705650476553694E+003
 -0.550376892629235E+001  0.681901657967849E+002  0.329693178794946E+000 -0.706475902779180E+001 -0.705649495384465E+003 -0.705649495384465E+003
 -0.958430115872420E+001  0.682862851785975E+002  0.329689725882368E+000 -0.706475902779180E+001 -0.705650420087983E+003 -0.705650420087983E+003
 -0.189230918531704E+002  0.680131470136818E+002  0.328375504960974E+000 -0.706475902779180E+001 -0.705650939226070E+003 -0.705650939226070E+003
 -0.889074372664313E+001  0.683633904890320E+002  0.329208006649804E+000 -0.706475902779180E+001 -0.705650603494203E+003 -0.705650603494203E+003
 -0.827474294376669E+001  0.681842592378371E+002  0.329695936822211E+000 -0.706475902779180E+001 -0.705649465206753E+003 -0.705649465206753E+003
 -0.614317434003983E+001  0.680860373098877E+002  0.328198020080083E+000 -0.706475902779180E+001 -0.705650772942674E+003 -0.705650772942674E+003
 -0.926072242869239E+001  0.683655715091053E+002  0.328972953705975E+000 -0.706475902779180E+001 -0.705650424535174E+003 -0.705650424535174E+003
 -0.924595160821421E+001  0.678463007316607E+002  0.329474913749809E+000 -0.706475902779180E+001 -0.705651537679632E+003 -0.705651537679632E+003
 -0.117621556673415E+002  0.678942465458609E+002  0.329862874072624E+000 -0.706475902779180E+001 -0.705650897776535E+003 -0.705650897776535E+003
 -0.176138721941545E+002  0.682018599565545E+002  0.329552527574480E+000 -0.706475902779180E+001 -0.705649301867988E+003 -0.705649301867988E+003
 -0.142064062303624E+002  0.680979500629284E+002  0.330031199507888E+000 -0.706475902779180E+001 -0.705649973328785E+003 -0.705649973328785E+003
 -0.144819381930705E+002  0.679339110385927E+002  0.329936100956591E+000 -0.706475902779180E+001 -0.705650515289850E+003 -0.705650515289850E+003
 -0.849843885895514E+001  0.682388698144467E+002  0.329306117791680E+000 -0.706475902779180E+001 -0.705649231148954E+003 -0.705649231148954E+003
 -0.791325875700173E+001  0.680857321876811E+002  0.329314149846960E+000 -0.706475902779180E+001 -0.705648876479073E+003 -0.705648876479073E+003
 -0.855907718994893E+001  0.682020086308218E+002  0.329993461756744E+000 -0.706475902779180E+001 -0.705650387538447E+003 -0.705650387538447E+003
 -0.188431205064837E+002  0.680010466186582E+002  0.329414787309248E+000 -0.706475902779180E+001 -0.705649391136065E+003 -0.705649391136065E+003
 -0.700652996712942E+001  0.680363967583623E+002  0.329565438042377E+000 -0.706475902779180E+001 -0.705649226046722E+003 -0.705649226046722E+003
 -0.119126571548157E+002  0.683044742308323E+002  0.329867500996500E+000 -0.706475902779180E+001 -0.705651205030873E+003 -0.705651205030873E+003
 -0.178906089729325E+002  0.683506658282773E+002  0.329557380094453E+000 -0.706475902779180E+001 -0.705651053899519E+003 -0.705651053899519E+003
 -0.764379138920291E+001  0.680409372411025E+002  0.329977385071559E+000 -0.706475902779180E+001 -0.705649873457134E+003 -0.705649873457134E+003
 -0.304142319362630E+001  0.678981934934391E+002  0.330108221942101E+000 -0.706475902779180E+001 -0.705651247715141E+003 -0.705651247715141E+003
 -0.152337016275837E+001  0.684089423536963E+002  0.329190021657924E+000 -0.706475902779180E+001 -0.705651383608924E+003 -0.705651383608924E+003
 -0.850090490247911E+001  0.683269721980911E+002  0.329739330983628E+000 -0.706475902779180E+001 -0.705651156292350E+003 -0.705651156292350E+003
 -0.118342864594153E+002  0.678723081066705E+002  0.329891941636200E+000 -0.706475902779180E+001 -0.705651252376489E+003 -0.705651252376489E+003
 -0.920821092025542E+001  0.681368582744496E+002  0.329149847875267E+000 -0.706475902779180E+001 -0.705648774438187E+003 -0.705648774438187E+003
 -0.139399199280412E+002  0.683282472310642E+002  0.328640049249177E+000 -0.706475902779180E+001 -0.705650004898381E+003 -0.705650004898381E+003
 -0.890337237532875E+001  0.678923205832509E+002  0.328990041901445E+000 -0.706475902779180E+001 -0.705651219799268E+003 -0.705651219799268E+003
 -0.135836887377140E+002  0.679559274128447E+002  0.329825903794461E+000 -0.706475902779180E+001 -0.705650123621057E+003 -0.705650123621057E+003
 -0.896926823855310E+001  0.680238273965023E+002  0.328453135774718E+000 -0.706475902779180E+001 -0.705650554365368E+003 -0.705650554365368E+003
 -0.146801150650691E+002  0.683247430939764E+002  0.329034192160526E+000 -0.706475902779180E+001 -0.705649893535941E+003 -0.705649893535941E+003
 -0.182658790312117E+002  0.680872707978834E+002  0.330468811051715E+000 -0.706475902779180E+001 -0.705651509723330E+003 -0.705651509723330E+003
