  0.129278836458306E+002  0.681328853901883E+002  0.328478162281494E+000 -0.706475902779180E+001 -0.705649619846946E+003 -0.705649619846946E+003
  0.112236123259588E+002  0.680571875009982E+002  0.329755502684039E+000 -0.706475902779180E+001 -0.705649382964145E+003 -0.705649382964145E+003
  0.828096063458250E+001  0.680954378070237E+002  0.328730494459347E+000 -0.706475902779180E+001 -0.705649268373933E+003 -0.705649268373933E+003
  0.960480287770988E+001  0.683839700040018E+002  0.329315711574191E+000 -0.706475902779180E+001 -0.705651123175813E+003 -0.705651123175813E+003
 -0.432226707329544E+000  0.682299075620712E+002  0.329132553854434E+000 -0.706475902779180E+001 -0.705649049043864E+003 -0.705649049043864E+003
  0.185998809055361E+002  0.679835591181808E+002  0.329749330484795E+000 -0.706475902779180E+001 -0.705649776798077E+003 -0.705649776798077E+003
  0.174574923259212E+002  0.680539015202590E+002  0.328270557399189E+000 -0.706475902779180E+001 -0.705650822774618E+003 -0.705650822774618E+003
  0.187941540685091E+002  0.680236301852189E+002  0.328660577203455E+000 -0.706475902779180E+001 -0.705649992820787E+003 -0.705649992820787E+003
  0.812459652917352E+001  0.681370906020753E+002  0.330065799433065E+000 -0.706475902779180E+001 -0.705650192452588E+003 -0.705650192452588E+003
  0.100496222008580E+002  0.680508107796716E+002  0.329085897263690E+000 -0.706475902779180E+001 -0.705649100432403E+003 -0.705649100432403E+003
  0.180998087765619E+002  0.681399156519494E+002  0.329014393461402E+000 -0.706475902779180E+001 -0.705648811681515E+003 -0.705648811681515E+003
  0.547895517449838E+000  0.680037386222164E+002  0.328740081569773E+000 -0.706475902779180E+001 -0.705650037992906E+003 -0.705650037992906E+003
  0.174706305591475E+002  0.679355545039671E+002  0.329107775061794E+000 -0.706475902779180E+001 -0.705650318511189E+003 -0.705650318511189E+003
  0.118724327070546E+002  0.680662499858036E+002  0.328145031760026E+000 -0.706475902779180E+001 -0.705651164485324E+003 -0.705651164485324E+003
  0.792638299639026E+001  0.683318371765859E+002  0.329749498706835E+000 -0.706475902779180E+001 -0.705651267040465E+003 -0.705651267040465E+003
  0.172522078724757E+002  0.679802473769126E+002  0.329288994566527E+000 -0.706475902779180E+001 -0.705649603672364E+003 -0.705649603672364E+003
  0.496237093612518E+001  0.683237250901335E+002  0.329139461350416E+000 -0.706475902779180E+001 -0.705649952763376E+003 -0.705649952763376E+003
  0.132375796102731E+002  0.681844427194582E+002  0.328151839823603E+000 -0.706475902779180E+001 -0.705650403608649E+003 -0.705650403608649E+003
  0.166376619828722E+002  0.680199004165397E+002  0.329255363350065E+000 -0.706475902779180E+001 -0.705649243230090E+003 -0.705649243230090E+003
  0.677459550553203E+001  0.678774890928947E+002  0.329061699108097E+000 -0.706475902779180E+001 -0.705651371190289E+003 -0.705651371190289E+003
  0.643884543984527E+001  0.682890332631833E+002  0.328209336877253E+000 -0.706475902779180E+001 -0.705650425477897E+003 -0.705650425477897E+003
  0.388837522271354E+001  0.682417368788587E+002  0.330050330827951E+000 -0.706475902779180E+001 -0.705650989696123E+003 -0.705650989696123E+003
 -0.262951723345395E+000  0.684270781548669E+002  0.328372478860876E+000 -0.706475902779180E+001 -0.705651627548314E+003 -0.705651627548314E+003
  0.979690130162262E+001  0.682269422801557E+002  0.328264421912824E+000 -0.706475902779180E+001 -0.705650054730648E+003 -0.705650054730648E+003
  0.160563602172030E+002  0.681607221965064E+002  0.328394808619859E+000 -0.706475902779180E+001 -0.705649739223178E+003 -0.705649739223178E+003
  0.350306117718791E+000  0.682104879891647E+002  0.330220995491964E+000 -0.706475902779180E+001 -0.705651299266700E+003 -0.705651299266700E+003
  0.579921841248761E+001  0.679762387251563E+002  0.329093735948142E+000 -0.706475902779180E+001 -0.705649790293208E+003 -0.705649790293208E+003
  0.179765310634886E+002  0.682151918445998E+002  0.329546753065246E+000 -0.706475902779180E+001 -0.705649383507026E+003 -0.705649383507026E+003
  0.339189970054805E+001  0.683477763140089E+002  0.327921009915522E+000 -0.706475902779180E+001 -0.705651684983464E+003 -0.705651684983464E+003
  0.125390497894801E+002  0.683556387471868E+002  0.328297616454824E+000 -0.706475902779180E+001 -0.705650777553287E+003 -0.705650777553287E+003
  0.152703172122970E+002  0.683030249642392E+002  0.329630518530585E+000 -0.706475902779180E+001 -0.705650496477245E+003 -0.705650496477245E+003
  0.174920331348221E+002  0.678922723164355E+002  0.329121128448105E+000 -0.706475902779180E+001 -0.705651006064403E+003 -0.705651006064403E+003
  0.177296338279288E+002  0.680368898090280E+002  0.328773438174273E+000 -0.706475902779180E+001 -0.705649619941232E+003 -0.705649619941232E+003
  0.151634219801644E+002  0.681007106671361E+002  0.328214844268936E+000 -0.706475902779180E+001 -0.705650592180606E+003 -0.705650592180606E+003
  0.128665853492146E+002  0.680883224698116E+002  0.328266023330138E+000 -0.706475902779180E+001 -0.705650513035064E+003 -0.705650513035064E+003
  0.112125262288830E+002  0.681357681677098E+002  0.329550912895037E+000 -0.706475902779180E+001 -0.705649031566737E+003 -0.705649031566737E+003
  0.188549298903208E+002  0.681495314714111E+002  0.329702208596077E+000 -0.706475902779180E+001 -0.705649315580814E+003 -0.705649315580814E+003
  0.160066018891237E+002  0.680638684703290E+002  0.328729199335442E+000 -0.706475902779180E+001 -0.705649475683756E+003 -0.705649475683756E+003
  0.465764137961919E+001  0.680535362725733E+002  0.329498255408899E+000 -0.706475902779180E+001 -0.705649088441980E+003 -0.705649088441980E+003
  0.101018117657708E+001  0.684159069093158E+002  0.328469736325003E+000 -0.706475902779180E+001 -0.705651334897095E+003 -0.705651334897095E+003
  0.471490073405295E+001  0.681496883801790E+002  0.329711800593550E+000 -0.706475902779180E+001 -0.705649334938076E+003 -0.705649334938076E+003
  0.184066171995129E+002  0.679588691032810E+002  0.328535240625081E+000 -0.706475902779180E+001 -0.705651206396934E+003 -0.705651206396934E+003
  0.179438169557704E+002  0.680045982589553E+002  0.330482138604756E+000 -0.706475902779180E+001 -0.705651560391782E+003 -0.705651560391782E+003
  0.940402283095333E+001  0.678424913779431E+002  0.329375767310263E+000 -0.706475902779180E+001 -0.705651670568803E+003 -0.705651670568803E+003
  0.818125008762978E+001  0.684128036467005E+002  0.328230023173404E+000 -0.706475902779180E+001 -0.705651632552840E+003 -0.705651632552840E+003
  0.127727307000129E+002  0.681698049517001E+002  0.329049501405344E+000 -0.706475902779180E+001 -0.705648810160511E+003 -0.705648810160511E+003
  0.614403225434700E+001  0.681285082489869E+002  0.329484425352995E+000 -0.706475902779180E+001 -0.705648942044579E+003 -0.705648942044579E+003
  0.676736830017304E+001  0.683499115418197E+002  0.328387229782167E+000 -0.706475902779180E+001 -0.705650555347014E+003 -0.705650555347014E+003
  0.696581512027352E+001  0.680559835759663E+002  0.328738910132522E+000 -0.706475902779180E+001 -0.705649519197464E+003 -0.705649519197464E+003
  0.102972544216397E+002  0.681154283049981E+002  0.329634498868262E+000 -0.706475902779180E+001 -0.705649127445931E+003 -0.705649127445931E+003
  0.696501993715169E+001  0.680891104156801E+002  0.330099921033696E+000 -0.706475902779180E+001 -0.705650162582848E+003 -0.705650162582848E+003
  0.906930502616871E+001  0.681369569185680E+002  0.328872014145516E+000 -0.706475902779180E+001 -0.705648925497826E+003 -0.705648925497826E+003
  0.108708411294447E+001  0.679660431270057E+002  0.329836906122138E+000 -0.706475902779180E+001 -0.705650045368586E+003 -0.705650045368586E+003
  0.906107356678824E+000  0.682855427680669E+002  0.329013356903005E+000 -0.706475902779180E+001 -0.705649453896850E+003 -0.705649453896850E+003
  0.144041172068439E+002  0.681126378989796E+002  0.330253353789800E+000 -0.706475902779180E+001 -0.705650733917694E+003 -0.705650733917694E+003
  0.284054914910126E+000  0.680453828981014E+002  0.328819022558450E+000 -0.706475902779180E+001 -0.705649462973652E+003 -0.705649462973652E+003
  0.115654636141597E+002  0.679203115479457E+002  0.329195814200932E+000 -0.706475902779180E+001 -0.705650450313877E+003 -0.705650450313877E+003
  0.170930900406110E+002  0.681853340323796E+002  0.328522449522297E+000 -0.706475902779180E+001 -0.705649414791821E+003 -0.705649414791821E+003
  0.832757410181432E+001  0.680542742860233E+002  0.329824909634908E+000 -0.706475902779180E+001 -0.705649513847486E+003 -0.705649513847486E+003
  0.241422002123397E+000  0.683247820188434E+002  0.329195433653241E+000 -0.706475902779180E+001 -0.705650020831995E+003 -0.705650020831995E+003
 -0.668367109656515E+000  0.679043012170116E+002  0.329828644828187E+000 -0.706475902779180E+001 -0.705650721112054E+003 -0.705650721112054E+003
  0.440586636628844E-001  0.681905881054651E+002  0.328559051142100E+000 -0.706475902779180E+001 -0.705649345187187E+003 -0.705649345187187E+003
  0.127609402242555E+002  0.678602256018817E+002  0.329984931167293E+000 -0.706475902779180E+001 -0.705651562190267E+003 -0.705651562190267E+003
 -0.522091143729789E+000  0.681275141821467E+002  0.329636941869229E+000 -0.706475902779180E+001 -0.705649144785272E+003 -0.705649144785272E+003
  0.119471616701992E+002  0.681568409134377E+002  0.329910817626301E+000 -0.706475902779180E+001 -0.705649831987368E+003 -0.705649831987368E+003
  0.164159342089895E+002  0.683263479714726E+002  0.329403540430946E+000 -0.706475902779180E+001 -0.705650341867611E+003 -0.705650341867611E+003
  0.335434098887301E+001  0.679377281777227E+002  0.328508437525884E+000 -0.706475902779180E+001 -0.705651649557546E+003 -0.705651649557546E+003
  0.142440838970584E+002  0.681489591956767E+002  0.327912256945509E+000 -0.706475902779180E+001 -0.705651460119461E+003 -0.705651460119461E+003
  0.103191274323892E+002  0.683541356054728E+002  0.329710298968488E+000 -0.706475902779180E+001 -0.705651534949518E+003 -0.705651534949518E+003
  0.174935894340760E+002  0.684023680438120E+002  0.328231494992827E+000 -0.706475902779180E+001 -0.705651481614835E+003 -0.705651481614835E+003
  0.916496187367094E+001  0.680265286435926E+002  0.330289404564766E+000 -0.706475902779180E+001 -0.705650801668943E+003 -0.705650801668943E+003
  0.699886839288171E+001  0.684204710133307E+002  0.328663293797501E+000 -0.706475902779180E+001 -0.705651283753247E+003 -0.705651283753247E+003
  0.430349752124063E+001  0.680688861626857E+002  0.328471205004527E+000 -0.706475902779180E+001 -0.705650040709149E+003 -0.705650040709149E+003
  0.169074473820379E+001  0.683984192711207E+002  0.328356413241499E+000 -0.706475902779180E+001 -0.705651212819527E+003 -0.705651212819527E+003
  0.853023716925915E+001  0.681960585866742E+002  0.329539875686251E+000 -0.706475902779180E+001 -0.705649245196401E+003 -0.705649245196401E+003
  0.171812836012265E+002  0.681474970508434E+002  0.329877290548605E+000 -0.706475902779180E+001 -0.705649700635656E+003 -0.705649700635656E+003
  0.857950104443408E+001  0.682071616488214E+002  0.328106634696442E+000 -0.706475902779180E+001 -0.705650524373734E+003 -0.705650524373734E+003
  0.174480450676558E+002  0.681259047445991E+002  0.329429362005203E+000 -0.706475902779180E+001 -0.705648887088860E+003 -0.705648887088860E+003
  0.101991622000512E+002  0.681202335928273E+002  0.330178956222739E+000 -0.706475902779180E+001 -0.705650496785297E+003 -0.705650496785297E+003
  0.107514369983319E+002  0.682858616219874E+002  0.329927013380058E+000 -0.706475902779180E+001 -0.705651130118006E+003 -0.705651130118006E+003
  0.132730367534521E+002  0.680914295062698E+002  0.328729614142238E+000 -0.706475902779180E+001 -0.705649292014901E+003 -0.705649292014901E+003
  0.102466697487731E+001  0.683819558025735E+002  0.328927752918426E+000 -0.706475902779180E+001 -0.705650657826688E+003 -0.705650657826688E+003
  0.155283907958182E+002  0.679275438331673E+002  0.329792470349489E+000 -0.706475902779180E+001 -0.705650387478440E+003 -0.705650387478440E+003
  0.126930437535451E+002  0.681141554347565E+002  0.329788280715367E+000 -0.706475902779180E+001 -0.705649402417681E+003 -0.705649402417681E+003
  0.473267375665277E+001  0.681357698944462E+002  0.329175148076129E+000 -0.706475902779180E+001 -0.705648774321688E+003 -0.705648774321688E+003
  0.100462415567817E+002  0.678339285006181E+002  0.329612303713775E+000 -0.706475902779180E+001 -0.705651750497065E+003 -0.705651750497065E+003
  0.440906330517555E+001  0.680864524268715E+002  0.329551447139934E+000 -0.706475902779180E+001 -0.705649034748312E+003 -0.705649034748312E+003
  0.337904850097467E+001  0.678946346741155E+002  0.329556829053470E+000 -0.706475902779180E+001 -0.705650688686999E+003 -0.705650688686999E+003
  0.112370923884282E+002  0.680568466157645E+002  0.330517223095654E+000 -0.706475902779180E+001 -0.705651657395875E+003 -0.705651657395875E+003
  0.141659588315640E+002  0.681058808562376E+002  0.328533187553763E+000 -0.706475902779180E+001 -0.705649617524491E+003 -0.705649617524491E+003
  0.174650208953726E+002  0.682268340695670E+002  0.328825564240069E+000 -0.706475902779180E+001 -0.705649089817740E+003 -0.705649089817740E+003
  0.118374534252322E+002  0.683299125999651E+002  0.328705961485388E+000 -0.706475902779180E+001 -0.705649974113448E+003 -0.705649974113448E+003
  0.107480045663868E+002  0.679878348610008E+002  0.328599645892203E+000 -0.706475902779180E+001 -0.705650586690710E+003 -0.705650586690710E+003
  0.115170777736446E+001  0.682416736426415E+002  0.327811273270078E+000 -0.706475902779180E+001 -0.705651638951621E+003 -0.705651638951621E+003
  0.160473858031017E+002  0.678827907191494E+002  0.328876706380779E+000 -0.706475902779180E+001 -0.705651638545675E+003 -0.705651638545675E+003
  0.735119316999725E+001  0.681071963721728E+002  0.328108912644864E+000 -0.706475902779180E+001 -0.705650934036155E+003 -0.705650934036155E+003
  0.957153979932315E+001  0.683023411221470E+002  0.328862688186937E+000 -0.706475902779180E+001 -0.705649617169851E+003 -0.705649617169851E+003
 -0.115490773407400E+001  0.680108237806559E+002  0.329554265542810E+000 -0.706475902779180E+001 -0.705649376328601E+003 -0.705649376328601E+003
  0.171447008644832E+002  0.682749683863095E+002  0.329483190864370E+000 -0.706475902779180E+001 -0.705649825394374E+003 -0.705649825394374E+003
  0.547167074164937E+001  0.680892529789887E+002  0.328421572830269E+000 -0.706475902779180E+001 -0.705650018212799E+003 -0.705650018212799E+003
  0.711257329077032E+001  0.681961710476418E+002  0.327892909371285E+000 -0.706475902779180E+001 -0.705651346966365E+003 -0.705651346966365E+003
  0.130751758322060E+002  0.680871924761617E+002  0.328498794186241E+000 -0.706475902779180E+001 -0.705649822542399E+003 -0.705649822542399E+003
  0.186394628364082E+002  0.680057226276504E+002  0.330028484794970E+000 -0.706475902779180E+001 -0.705650133516648E+003 -0.705650133516648E+003
  0.164914507700686E+002  0.681419544619840E+002  0.329408637855215E+000 -0.706475902779180E+001 -0.705648883310623E+003 -0.705648883310623E+003
  0.116672108230860E+002  0.681215818298632E+002  0.330243928794606E+000 -0.706475902779180E+001 -0.705650734557171E+003 -0.705650734557171E+003
  0.253795043698998E+001  0.679131018943907E+002  0.328714846888613E+000 -0.706475902779180E+001 -0.705651469027798E+003 -0.705651469027798E+003
  0.158397460582358E+002  0.679800798358426E+002  0.329403209437938E+000 -0.706475902779180E+001 -0.705649585885009E+003 -0.705649585885009E+003
  0.111682638335821E+002  0.680484670805604E+002  0.328384542898213E+000 -0.706475902779180E+001 -0.705650494523208E+003 -0.705650494523208E+003
  0.214064758327405E+001  0.682580480638139E+002  0.329528179672972E+000 -0.706475902779180E+001 -0.705649726876698E+003 -0.705649726876698E+003
  0.153002446265127E+002  0.680089773984387E+002  0.328404810840402E+000 -0.706475902779180E+001 -0.705650895100053E+003 -0.705650895100053E+003
  0.341190392491631E+001  0.682489283446536E+002  0.328410343835469E+000 -0.706475902779180E+001 -0.705649765459751E+003 -0.705649765459751E+003
  0.180689605630111E+002  0.681175960054843E+002  0.329270549686512E+000 -0.706475902779180E+001 -0.705648799738632E+003 -0.705648799738632E+003
  0.144134570132463E+002  0.678949344035202E+002  0.329269282143863E+000 -0.706475902779180E+001 -0.705650790851319E+003 -0.705650790851319E+003
  0.162152422742053E+002  0.683460418390485E+002  0.328620904364885E+000 -0.706475902779180E+001 -0.705650221634974E+003 -0.705650221634974E+003
  0.706606561895667E+001  0.679742816917430E+002  0.330018273860044E+000 -0.706475902779180E+001 -0.705650306918280E+003 -0.705650306918280E+003
  0.167876716818212E+002  0.680141996628747E+002  0.330054492097763E+000 -0.706475902779180E+001 -0.705650156181471E+003 -0.705650156181471E+003
  0.156761010265177E+002  0.684105885359080E+002  0.328501342921405E+000 -0.706475902779180E+001 -0.705651219647793E+003 -0.705651219647793E+003
  0.721422070010980E+001  0.680463308480041E+002  0.329351138767452E+000 -0.706475902779180E+001 -0.705649056994345E+003 -0.705649056994345E+003
  0.105459832501926E+002  0.683234971980544E+002  0.329223825921482E+000 -0.706475902779180E+001 -0.705650035386696E+003 -0.705650035386696E+003
  0.145026989055464E+002  0.681765869110169E+002  0.328376555608792E+000 -0.706475902779180E+001 -0.705649755465197E+003 -0.705649755465197E+003
  0.738121563200946E+001  0.680636123063732E+002  0.328038394314189E+000 -0.706475902779180E+001 -0.705651634831492E+003 -0.705651634831492E+003
  0.121379536747566E+002  0.682318456436387E+002  0.329269205030764E+000 -0.706475902779180E+001 -0.705649144605240E+003 -0.705649144605240E+003
  0.113243440814057E+002  0.680756229431700E+002  0.329084535647427E+000 -0.706475902779180E+001 -0.705648956442844E+003 -0.705648956442844E+003
  0.231599753385570E+001  0.682459877078773E+002  0.328147995523430E+000 -0.706475902779180E+001 -0.705650424916234E+003 -0.705650424916234E+003
  0.801629483923666E+001  0.680612277446313E+002  0.329288711438171E+000 -0.706475902779180E+001 -0.705648970806135E+003 -0.705648970806135E+003
  0.451457218549256E+001  0.682540753812038E+002  0.328438185410567E+000 -0.706475902779180E+001 -0.705649730567912E+003 -0.705649730567912E+003
  0.167516546797847E+002  0.683739408025309E+002  0.329180110825828E+000 -0.706475902779180E+001 -0.705650740589958E+003 -0.705650740589958E+003
  0.172080258249902E+002  0.681161720712725E+002  0.328042076614304E+000 -0.706475902779180E+001 -0.705651130896239E+003 -0.705651130896239E+003
 -0.214627251420247E+000  0.682766972772291E+002  0.329605399033770E+000 -0.706475902779180E+001 -0.705650094760271E+003 -0.705650094760271E+003
  0.125551849293149E+001  0.682189831613742E+002  0.328891146852680E+000 -0.706475902779180E+001 -0.705649013962376E+003 -0.705649013962376E+003
