 -0.433552152304646E+000  0.673817079833470E+002  0.331258622582677E+000 -0.706475902779180E+001 -0.704523189969533E+003 -0.704523189969533E+003 -0.704526044008091E+003
  0.449897382663332E+001  0.673447192938860E+002  0.331454210566193E+000 -0.706475902779180E+001 -0.704523144211310E+003 -0.704523144211310E+003 -0.704524743514021E+003
  0.764311650629736E+000  0.674222165788799E+002  0.331252257282716E+000 -0.706475902779180E+001 -0.704523535167747E+003 -0.704523535167747E+003 -0.704524229978968E+003
  0.252191646003155E+000  0.673473904864260E+002  0.331077354611706E+000 -0.706475902779180E+001 -0.704522921289821E+003 -0.704522921289821E+003 -0.704524743514021E+003
  0.343518148053224E+001  0.674344607923956E+002  0.331112046708070E+000 -0.706475902779180E+001 -0.704523577606545E+003 -0.704523577606545E+003 -0.704579517739326E+003
 -0.628597524034493E+000  0.671558488342810E+002  0.331275544520926E+000 -0.706475902779180E+001 -0.704523220595416E+003 -0.704523220595416E+003 -0.704525701071298E+003
  0.107559469268075E+001  0.672572226727863E+002  0.331286150075937E+000 -0.706475902779180E+001 -0.704522801096282E+003 -0.704522801096282E+003 -0.704523851016029E+003
 -0.570830511926797E+000  0.671870093977168E+002  0.330766715249062E+000 -0.706475902779180E+001 -0.704523332325662E+003 -0.704523332325662E+003 -0.704523851016029E+003
  0.322253927860486E+001  0.672559246578002E+002  0.331213174123192E+000 -0.706475902779180E+001 -0.704522778753374E+003 -0.704522778753374E+003 -0.704540341258452E+003
  0.141323300835867E+001  0.672997121867438E+002  0.331456675138592E+000 -0.706475902779180E+001 -0.704522969493018E+003 -0.704522969493018E+003 -0.704523720451764E+003
 -0.109068403570707E+001  0.673676351884357E+002  0.331294210148466E+000 -0.706475902779180E+001 -0.704523119271903E+003 -0.704523119271903E+003 -0.704524229978968E+003
  0.423542322850740E+001  0.671737195413624E+002  0.331501153684179E+000 -0.706475902779180E+001 -0.704523219237775E+003 -0.704523219237775E+003 -0.704524338264243E+003
  0.107693110284345E+000  0.673133418114828E+002  0.330794529612079E+000 -0.706475902779180E+001 -0.704522957953756E+003 -0.704522957953756E+003 -0.704524005469377E+003
  0.129131441715051E+001  0.673135516936663E+002  0.330935879856432E+000 -0.706475902779180E+001 -0.704522849157994E+003 -0.704522849157994E+003 -0.704526570656324E+003
  0.455216178008238E+001  0.672320367961914E+002  0.330768150025983E+000 -0.706475902779180E+001 -0.704523086845093E+003 -0.704523086845093E+003 -0.704524743514021E+003
  0.302711349933012E+001  0.673251606689990E+002  0.330748655346120E+000 -0.706475902779180E+001 -0.704523028306091E+003 -0.704523028306091E+003 -0.704523720451764E+003
  0.285148641402959E+001  0.673110399649848E+002  0.331606972437140E+000 -0.706475902779180E+001 -0.704523211439895E+003 -0.704523211439895E+003 -0.704526570656324E+003
  0.462829923407286E+001  0.672041755227665E+002  0.330617584283072E+000 -0.706475902779180E+001 -0.704523468868753E+003 -0.704523468868753E+003 -0.704524104067628E+003
  0.441510904839586E+001  0.673326714794461E+002  0.330961829874219E+000 -0.706475902779180E+001 -0.704522886286143E+003 -0.704522886286143E+003 -0.704526570656324E+003
  0.927926350423203E+000  0.672322198180875E+002  0.331386272500933E+000 -0.706475902779180E+001 -0.704522895791318E+003 -0.704522895791318E+003 -0.704523851016029E+003
  0.373404586279947E+001  0.674016711859117E+002  0.330885629197876E+000 -0.706475902779180E+001 -0.704523292645544E+003 -0.704523292645544E+003 -0.704524338264243E+003
  0.416984939353660E+001  0.672777924365045E+002  0.330507654495462E+000 -0.706475902779180E+001 -0.704523397012326E+003 -0.704523397012326E+003 -0.704524097947048E+003
 -0.500721226406102E+001  0.674365615903768E+002  0.331188178687598E+000 -0.706475902779180E+001 -0.704523637939380E+003 -0.704523637939380E+003 -0.704524840600187E+003
 -0.227475154132670E+001  0.672902519417132E+002  0.330428743005112E+000 -0.706475902779180E+001 -0.704523550185187E+003 -0.704523550185187E+003 -0.704525651132684E+003
 -0.358554349259001E+001  0.673046050000094E+002  0.331057792419257E+000 -0.706475902779180E+001 -0.704522789893008E+003 -0.704522789893008E+003 -0.704526344764183E+003
 -0.182843793201842E+001  0.674153606396326E+002  0.330923444550398E+000 -0.706475902779180E+001 -0.704523389065747E+003 -0.704523389065747E+003 -0.704523723434531E+003
 -0.452199925298564E+001  0.671989378458789E+002  0.330783251199090E+000 -0.706475902779180E+001 -0.704523231850936E+003 -0.704523231850936E+003 -0.704526715868808E+003
 -0.442225040092507E+001  0.673073044695517E+002  0.331464559853262E+000 -0.706475902779180E+001 -0.704522999217184E+003 -0.704522999217184E+003 -0.704530078975385E+003
 -0.517380612325119E+001  0.671963995571175E+002  0.331223232851608E+000 -0.706475902779180E+001 -0.704522961669702E+003 -0.704522961669702E+003 -0.704525925970727E+003
 -0.293924034661325E+001  0.672138161472930E+002  0.331123020865384E+000 -0.706475902779180E+001 -0.704522889271174E+003 -0.704522889271174E+003 -0.704525925970727E+003
 -0.198372530127484E+001  0.671641719599576E+002  0.331743687801686E+000 -0.706475902779180E+001 -0.704523587016826E+003 -0.704523587016826E+003 -0.704524501352029E+003
 -0.158159247939312E+001  0.674256638687210E+002  0.331139562495999E+000 -0.706475902779180E+001 -0.704523499707684E+003 -0.704523499707684E+003 -0.704523723434531E+003
 -0.364607986095669E+001  0.674097943759930E+002  0.330903442611366E+000 -0.706475902779180E+001 -0.704523349163240E+003 -0.704523349163240E+003 -0.704524418714826E+003
 -0.446251167261999E+001  0.671762337609382E+002  0.331047307376949E+000 -0.706475902779180E+001 -0.704523124212567E+003 -0.704523124212567E+003 -0.704577369236944E+003
 -0.327369699461592E+001  0.672424690886894E+002  0.330988274157322E+000 -0.706475902779180E+001 -0.704522845063392E+003 -0.704522845063392E+003 -0.704555046070756E+003
 -0.361992262482222E+001  0.671715718112256E+002  0.331504754688076E+000 -0.706475902779180E+001 -0.704523234946400E+003 -0.704523234946400E+003 -0.704556053150818E+003
 -0.527843265228754E+001  0.671330073389626E+002  0.331198259476157E+000 -0.706475902779180E+001 -0.704523414592878E+003 -0.704523414592878E+003 -0.704524840600187E+003
 -0.489377098234453E+001  0.672490780639529E+002  0.330471089699639E+000 -0.706475902779180E+001 -0.704523550998711E+003 -0.704523550998711E+003 -0.704525224765434E+003
 -0.295818776592099E+001  0.671530507535255E+002  0.331495937931579E+000 -0.706475902779180E+001 -0.704523347023611E+003 -0.704523347023611E+003 -0.704524737157622E+003
 -0.525434887332307E+001  0.672382779946619E+002  0.330957023651177E+000 -0.706475902779180E+001 -0.704522876370004E+003 -0.704522876370004E+003 -0.704524840600187E+003
 -0.510214012853341E+001  0.672089005688637E+002  0.330798324100418E+000 -0.706475902779180E+001 -0.704523155014450E+003 -0.704523155014450E+003 -0.704523703237109E+003
 -0.243302002552599E+001  0.673091477349465E+002  0.330472628123247E+000 -0.706475902779180E+001 -0.704523448385543E+003 -0.704523448385543E+003 -0.704523723434531E+003
 -0.499471778628176E+001  0.672182182097206E+002  0.331698134370842E+000 -0.706475902779180E+001 -0.704523297372247E+003 -0.704523297372247E+003 -0.704523723434531E+003
 -0.407803807505346E+001  0.671503153795386E+002  0.331577371508806E+000 -0.706475902779180E+001 -0.704523444931946E+003 -0.704523444931946E+003 -0.704523723434531E+003
 -0.347984134751766E+001  0.672630150650662E+002  0.330623883346462E+000 -0.706475902779180E+001 -0.704523208483078E+003 -0.704523208483078E+003 -0.704523723434531E+003
 -0.736186674125627E+001  0.673714227090021E+002  0.331325212241140E+000 -0.706475902779180E+001 -0.704523170399690E+003 -0.704523170399690E+003 -0.704526354094115E+003
 -0.843933149526615E+001  0.672670730229861E+002  0.331436185147617E+000 -0.706475902779180E+001 -0.704522903740777E+003 -0.704522903740777E+003 -0.704525921617678E+003
 -0.860891429584989E+001  0.672969552656702E+002  0.330939166893698E+000 -0.706475902779180E+001 -0.704522824516886E+003 -0.704522824516886E+003 -0.704524357780622E+003
 -0.635228327585931E+001  0.672820837935228E+002  0.331424957849181E+000 -0.706475902779180E+001 -0.704522903976419E+003 -0.704522903976419E+003 -0.704527339271641E+003
 -0.916681587456384E+001  0.671724250483261E+002  0.331349805764404E+000 -0.706475902779180E+001 -0.704523126705177E+003 -0.704523126705177E+003 -0.704524236788696E+003
 -0.846488871087819E+001  0.673878168171949E+002  0.330502867254041E+000 -0.706475902779180E+001 -0.704523623442978E+003 -0.704523623442978E+003 -0.704523736725297E+003
 -0.746109745852607E+001  0.672484882084626E+002  0.331577026947946E+000 -0.706475902779180E+001 -0.704523070623951E+003 -0.704523070623951E+003 -0.704523993035178E+003
 -0.675012981186501E+001  0.672612573949908E+002  0.330635577169923E+000 -0.706475902779180E+001 -0.704523192867514E+003 -0.704523192867514E+003 -0.704524805795044E+003
 -0.872291965440564E+001  0.672333098284228E+002  0.331844408662655E+000 -0.706475902779180E+001 -0.704523557532726E+003 -0.704523557532726E+003 -0.704552013626367E+003
 -0.695428998125803E+001  0.673795803494230E+002  0.330882729987293E+000 -0.706475902779180E+001 -0.704523142794521E+003 -0.704523142794521E+003 -0.704523761720404E+003
 -0.664600091433954E+001  0.673875800019285E+002  0.331583065325591E+000 -0.706475902779180E+001 -0.704523639371305E+003 -0.704523639371305E+003 -0.704524357780622E+003
 -0.755613824618857E+001  0.672564434374675E+002  0.330984781545292E+000 -0.706475902779180E+001 -0.704522816759424E+003 -0.704522816759424E+003 -0.704524091896628E+003
 -0.876143355626738E+001  0.673683832969796E+002  0.331636990981003E+000 -0.706475902779180E+001 -0.704523583851224E+003 -0.704523583851224E+003 -0.704524805795044E+003
 -0.772530564122920E+001  0.672908143743430E+002  0.331415917362872E+000 -0.706475902779180E+001 -0.704522908277548E+003 -0.704522908277548E+003 -0.704524805795044E+003
 -0.766558813253458E+001  0.672625524081207E+002  0.331564709242425E+000 -0.706475902779180E+001 -0.704523052006834E+003 -0.704523052006834E+003 -0.704523761720404E+003
 -0.645404608190062E+001  0.673709483276348E+002  0.330598410548682E+000 -0.706475902779180E+001 -0.704523381901159E+003 -0.704523381901159E+003 -0.704523761720404E+003
 -0.692652152015970E+001  0.673135229941974E+002  0.330934336490411E+000 -0.706475902779180E+001 -0.704522849943945E+003 -0.704522849943945E+003 -0.704523761720404E+003
 -0.831284877741551E+001  0.673946628918641E+002  0.331306914164562E+000 -0.706475902779180E+001 -0.704523329805387E+003 -0.704523329805387E+003 -0.704523639371305E+003
 -0.695777306421044E+001  0.671673588337749E+002  0.331156238034133E+000 -0.706475902779180E+001 -0.704523142759070E+003 -0.704523142759070E+003 -0.704523639371305E+003
  0.685520843819339E+001  0.672079453699698E+002  0.331778395871107E+000 -0.706475902779180E+001 -0.704523466510515E+003 -0.704523466510515E+003 -0.704524379285908E+003
  0.112388656671695E+002  0.671888779136797E+002  0.331557747998659E+000 -0.706475902779180E+001 -0.704523199355795E+003 -0.704523199355795E+003 -0.704533049939277E+003
  0.104538599570183E+002  0.671924394831816E+002  0.331231605479084E+000 -0.706475902779180E+001 -0.704522982560002E+003 -0.704522982560002E+003 -0.704523751848865E+003
  0.613550533737883E+001  0.672447022160956E+002  0.331425497522944E+000 -0.706475902779180E+001 -0.704522905071919E+003 -0.704522905071919E+003 -0.704535601194967E+003
  0.867387582975718E+001  0.674176852649950E+002  0.331177101056962E+000 -0.706475902779180E+001 -0.704523440947662E+003 -0.704523440947662E+003 -0.704524683574717E+003
  0.766758451981923E+001  0.672153123451410E+002  0.330509042703913E+000 -0.706475902779180E+001 -0.704523624897599E+003 -0.704523624897599E+003 -0.704524256103394E+003
  0.684237820004394E+001  0.673255877493814E+002  0.331420140462672E+000 -0.706475902779180E+001 -0.704523014023840E+003 -0.704523014023840E+003 -0.704526204757348E+003
  0.991969407999792E+001  0.673697909260320E+002  0.331266669886399E+000 -0.706475902779180E+001 -0.704523112982390E+003 -0.704523112982390E+003 -0.704524911189780E+003
  0.108297450605292E+002  0.672103269857029E+002  0.331262166035428E+000 -0.706475902779180E+001 -0.704522905109397E+003 -0.704522905109397E+003 -0.704525723929567E+003
  0.112106641037193E+002  0.672647147673464E+002  0.330648963144571E+000 -0.706475902779180E+001 -0.704523163137803E+003 -0.704523163137803E+003 -0.704527570379866E+003
  0.931605544418313E+001  0.672250593559772E+002  0.331183199681517E+000 -0.706475902779180E+001 -0.704522842178309E+003 -0.704522842178309E+003 -0.704525559756746E+003
  0.827201222838331E+001  0.671921176158573E+002  0.331220348333956E+000 -0.706475902779180E+001 -0.704522983506689E+003 -0.704522983506689E+003 -0.704524268655781E+003
  0.113815334141713E+002  0.672389654901248E+002  0.331726010099360E+000 -0.706475902779180E+001 -0.704523314932672E+003 -0.704523314932672E+003 -0.704525559756746E+003
  0.788960268635557E+001  0.671890695752844E+002  0.330691534673564E+000 -0.706475902779180E+001 -0.704523435946673E+003 -0.704523435946673E+003 -0.704525139922085E+003
  0.896110288959048E+001  0.672727006298960E+002  0.330413282475913E+000 -0.706475902779180E+001 -0.704523614753279E+003 -0.704523614753279E+003 -0.704524389084219E+003
  0.979349909201347E+001  0.672802947974795E+002  0.331759831443647E+000 -0.706475902779180E+001 -0.704523406439301E+003 -0.704523406439301E+003 -0.704524093773030E+003
  0.707468996466037E+001  0.673474044184043E+002  0.330624322509205E+000 -0.706475902779180E+001 -0.704523249306632E+003 -0.704523249306632E+003 -0.704523624897599E+003
  0.160186531913113E+002  0.674288877824336E+002  0.330981253448234E+000 -0.706475902779180E+001 -0.704523501804948E+003 -0.704523501804948E+003 -0.704524248714025E+003
  0.151551437479266E+002  0.674378921869990E+002  0.331034903241970E+000 -0.706475902779180E+001 -0.704523593691633E+003 -0.704523593691633E+003 -0.704524374460057E+003
  0.142313608419586E+002  0.672120414789884E+002  0.330937752011469E+000 -0.706475902779180E+001 -0.704522992486094E+003 -0.704522992486094E+003 -0.704535406580964E+003
  0.154696905003231E+002  0.671378572200844E+002  0.331386405454912E+000 -0.706475902779180E+001 -0.704523394978434E+003 -0.704523394978434E+003 -0.704533876552650E+003
  0.135035565032262E+002  0.674397471120881E+002  0.331094881503848E+000 -0.706475902779180E+001 -0.704523627169083E+003 -0.704523627169083E+003 -0.704526252868682E+003
  0.169914942334084E+002  0.672948995888216E+002  0.331414190116571E+000 -0.706475902779180E+001 -0.704522914366355E+003 -0.704522914366355E+003 -0.704525864096452E+003
  0.187558638411981E+002  0.673047954929431E+002  0.331381885668681E+000 -0.706475902779180E+001 -0.704522907225427E+003 -0.704522907225427E+003 -0.704531597953109E+003
  0.180642619266269E+002  0.671938380436376E+002  0.331177803886275E+000 -0.706475902779180E+001 -0.704522975269465E+003 -0.704522975269465E+003 -0.704620619917108E+003
  0.192837729577097E+002  0.672194286921556E+002  0.331798320522372E+000 -0.706475902779180E+001 -0.704523479381833E+003 -0.704523479381833E+003 -0.704523895180088E+003
  0.171787383537521E+002  0.673865819705054E+002  0.330543156534253E+000 -0.706475902779180E+001 -0.704523548669468E+003 -0.704523548669468E+003 -0.704524793009553E+003
  0.125529056053281E+002  0.671891062734264E+002  0.331380132558597E+000 -0.706475902779180E+001 -0.704523047521369E+003 -0.704523047521369E+003 -0.704527494739323E+003
  0.162439481731985E+002  0.674046019313457E+002  0.331086271129566E+000 -0.706475902779180E+001 -0.704523290716984E+003 -0.704523290716984E+003 -0.704524886837479E+003
  0.171854367659398E+002  0.673092408503464E+002  0.331108487694344E+000 -0.706475902779180E+001 -0.704522794646282E+003 -0.704522794646282E+003 -0.704527993335468E+003
  0.134725488384924E+002  0.672586499537885E+002  0.331678475712944E+000 -0.706475902779180E+001 -0.704523226561253E+003 -0.704523226561253E+003 -0.704532061758705E+003
  0.121054897604517E+002  0.672170087742062E+002  0.330535599670936E+000 -0.706475902779180E+001 -0.704523557781516E+003 -0.704523557781516E+003 -0.704524526793780E+003
  0.162079702521563E+002  0.673420846532643E+002  0.331179773299686E+000 -0.706475902779180E+001 -0.704522915304467E+003 -0.704522915304467E+003 -0.704536754951168E+003
  0.118387061016793E+002  0.671960976749744E+002  0.331765922734057E+000 -0.706475902779180E+001 -0.704523479756927E+003 -0.704523479756927E+003 -0.704524076184446E+003
  0.165200120545899E+002  0.671515607150304E+002  0.331313718392448E+000 -0.706475902779180E+001 -0.704523260173071E+003 -0.704523260173071E+003 -0.704523831053200E+003
  0.122364756379557E+002  0.672395482759817E+002  0.331718195701054E+000 -0.706475902779180E+001 -0.704523300330429E+003 -0.704523300330429E+003 -0.704523937561072E+003
  0.158590312573807E+002  0.672475925845607E+002  0.330630839592495E+000 -0.706475902779180E+001 -0.704523239521987E+003 -0.704523239521987E+003 -0.704542224253525E+003
  0.157236357255914E+002  0.671634150692502E+002  0.331447931238684E+000 -0.706475902779180E+001 -0.704523239280663E+003 -0.704523239280663E+003 -0.704536542035085E+003
  0.150121206921391E+002  0.671754085404396E+002  0.331064054272122E+000 -0.706475902779180E+001 -0.704523120868375E+003 -0.704523120868375E+003 -0.704525394764526E+003
  0.173176972103467E+002  0.673322124296812E+002  0.331552375308565E+000 -0.706475902779180E+001 -0.704523215239962E+003 -0.704523215239962E+003 -0.704523729611819E+003
  0.162122401918554E+002  0.674149655584086E+002  0.330752409217902E+000 -0.706475902779180E+001 -0.704523484187080E+003 -0.704523484187080E+003 -0.704525454810924E+003
  0.122518999643287E+002  0.673026598478000E+002  0.331243603556365E+000 -0.706475902779180E+001 -0.704522810812193E+003 -0.704522810812193E+003 -0.704526862910446E+003
  0.142732623648696E+002  0.672213162482472E+002  0.331733552699482E+000 -0.706475902779180E+001 -0.704523352528530E+003 -0.704523352528530E+003 -0.704524276877756E+003
  0.168611282020642E+002  0.671599790264932E+002  0.331620003349904E+000 -0.706475902779180E+001 -0.704523430659445E+003 -0.704523430659445E+003 -0.704524276877756E+003
  0.160621604196253E+002  0.671349017014196E+002  0.331289964616599E+000 -0.706475902779180E+001 -0.704523393953056E+003 -0.704523393953056E+003 -0.704524076184446E+003
  0.127373542618355E+002  0.672626307575089E+002  0.331182457042418E+000 -0.706475902779180E+001 -0.704522767594737E+003 -0.704522767594737E+003 -0.704523658723451E+003
  0.183385525604524E+002  0.671613247902305E+002  0.331042101536933E+000 -0.706475902779180E+001 -0.704523236383046E+003 -0.704523236383046E+003 -0.704523812641547E+003
  0.119465283139447E+002  0.673440403914251E+002  0.331505141304416E+000 -0.706475902779180E+001 -0.704523207697331E+003 -0.704523207697331E+003 -0.704528491591117E+003
  0.190334130542058E+002  0.672975946250803E+002  0.330882441147879E+000 -0.706475902779180E+001 -0.704522862923924E+003 -0.704522862923924E+003 -0.704524886837479E+003
  0.176822561294487E+002  0.674259651684262E+002  0.330833180015327E+000 -0.706475902779180E+001 -0.704523521116712E+003 -0.704523521116712E+003 -0.704526694736820E+003
  0.169841736527026E+002  0.674091135598868E+002  0.331043664269011E+000 -0.706475902779180E+001 -0.704523322660671E+003 -0.704523322660671E+003 -0.704525696912634E+003
  0.189913277092457E+002  0.674131164951298E+002  0.331043300197815E+000 -0.706475902779180E+001 -0.704523357219534E+003 -0.704523357219534E+003 -0.704526862910446E+003
  0.182307165349785E+002  0.672019260349379E+002  0.331492336525883E+000 -0.706475902779180E+001 -0.704523075671730E+003 -0.704523075671730E+003 -0.704526252868682E+003
  0.163933748314282E+002  0.672886004353741E+002  0.331394157315433E+000 -0.706475902779180E+001 -0.704522884527531E+003 -0.704522884527531E+003 -0.704525864096452E+003
  0.189068239794149E+002  0.671546402987706E+002  0.331355428076821E+000 -0.706475902779180E+001 -0.704523249902061E+003 -0.704523249902061E+003 -0.704524100498897E+003
  0.154762478353651E+002  0.672142693955351E+002  0.331399988689603E+000 -0.706475902779180E+001 -0.704522954750066E+003 -0.704522954750066E+003 -0.704524586495385E+003
  0.135451225786711E+002  0.673039153403271E+002  0.331392470338189E+000 -0.706475902779180E+001 -0.704522914556838E+003 -0.704522914556838E+003 -0.704525610491775E+003
  0.188527458494407E+002  0.672348133457418E+002  0.331548280632509E+000 -0.706475902779180E+001 -0.704523047731491E+003 -0.704523047731491E+003 -0.704523910257370E+003
  0.192690678888375E+002  0.673915604832504E+002  0.331353652492849E+000 -0.706475902779180E+001 -0.704523349485905E+003 -0.704523349485905E+003 -0.704524126310919E+003
  0.184658141619190E+002  0.672912917881573E+002  0.331679216702059E+000 -0.706475902779180E+001 -0.704523275498285E+003 -0.704523275498285E+003 -0.704524886837479E+003
  0.194900341613326E+002  0.674377348348163E+002  0.331067280196902E+000 -0.706475902779180E+001 -0.704523598034746E+003 -0.704523598034746E+003 -0.704524126310919E+003
  0.119162170362960E+002  0.673084195041470E+002  0.331505981059498E+000 -0.706475902779180E+001 -0.704523053821126E+003 -0.704523053821126E+003 -0.704523663164464E+003
  0.194943320248291E+002  0.671527678689892E+002  0.331166946593649E+000 -0.706475902779180E+001 -0.704523250601051E+003 -0.704523250601051E+003 -0.704523729611819E+003
  0.160637510677429E+002  0.673611603272876E+002  0.331045648364584E+000 -0.706475902779180E+001 -0.704522990003151E+003 -0.704522990003151E+003 -0.704524126310919E+003
  0.165962359775697E+002  0.674086092956631E+002  0.331203713291330E+000 -0.706475902779180E+001 -0.704523372677142E+003 -0.704523372677142E+003 -0.704524126310919E+003
  0.176706864786803E+002  0.671654388416921E+002  0.331329002205122E+000 -0.706475902779180E+001 -0.704523164281739E+003 -0.704523164281739E+003 -0.704524126310919E+003
  0.124157981999692E+002  0.673460277328285E+002  0.331492752453003E+000 -0.706475902779180E+001 -0.704523201594948E+003 -0.704523201594948E+003 -0.704523937561072E+003
  0.119860031653764E+002  0.673755087760207E+002  0.331448038748587E+000 -0.706475902779180E+001 -0.704523334402718E+003 -0.704523334402718E+003 -0.704523937561072E+003
  0.185322232285421E+002  0.673308230464915E+002  0.331030106557759E+000 -0.706475902779180E+001 -0.704522860157091E+003 -0.704522860157091E+003 -0.704523900401387E+003
  0.140799740487997E+002  0.674220397710882E+002  0.331218780140449E+000 -0.706475902779180E+001 -0.704523508583977E+003 -0.704523508583977E+003 -0.704523937561072E+003
  0.132332318549647E+002  0.673976337221177E+002  0.330571787949353E+000 -0.706475902779180E+001 -0.704523570706982E+003 -0.704523570706982E+003 -0.704523729611819E+003
  0.174698623399121E+002  0.671922707147201E+002  0.330916037829720E+000 -0.706475902779180E+001 -0.704523119346358E+003 -0.704523119346358E+003 -0.704523663164464E+003
  0.172893892924810E+002  0.673305710852620E+002  0.331333207816292E+000 -0.706475902779180E+001 -0.704522952972907E+003 -0.704522952972907E+003 -0.704523658723451E+003
 -0.176694103505207E+002  0.672834251890165E+002  0.331322339100732E+000 -0.706475902779180E+001 -0.704522823294259E+003 -0.704522823294259E+003 -0.704524180128519E+003
 -0.173642631785829E+002  0.672467515544417E+002  0.330914751564120E+000 -0.706475902779180E+001 -0.704522884248158E+003 -0.704522884248158E+003 -0.704523769329469E+003
 -0.161409515463000E+002  0.672553977016399E+002  0.331224441285445E+000 -0.706475902779180E+001 -0.704522781823122E+003 -0.704522781823122E+003 -0.704525887578109E+003
 -0.151189147002477E+002  0.672296668774784E+002  0.330778266127592E+000 -0.706475902779180E+001 -0.704523083099222E+003 -0.704523083099222E+003 -0.704527074679908E+003
 -0.158354994445592E+002  0.673387765746129E+002  0.330620091157619E+000 -0.706475902779180E+001 -0.704523229869174E+003 -0.704523229869174E+003 -0.704527778942149E+003
 -0.178334737943097E+002  0.673377476828727E+002  0.330451103012289E+000 -0.706475902779180E+001 -0.704523528194236E+003 -0.704523528194236E+003 -0.704527976992484E+003
 -0.167010023784425E+002  0.672899908785242E+002  0.330551228818404E+000 -0.706475902779180E+001 -0.704523297572159E+003 -0.704523297572159E+003 -0.704524563255845E+003
 -0.172238544766267E+002  0.674332085770355E+002  0.331074192122029E+000 -0.706475902779180E+001 -0.704523552969706E+003 -0.704523552969706E+003 -0.704531123393464E+003
 -0.152084000641515E+002  0.674062218264949E+002  0.330770197013890E+000 -0.706475902779180E+001 -0.704523400924989E+003 -0.704523400924989E+003 -0.704524513465211E+003
 -0.155430201521461E+002  0.673893416798319E+002  0.330607014133453E+000 -0.706475902779180E+001 -0.704523468191714E+003 -0.704523468191714E+003 -0.704527976992484E+003
 -0.168895440221996E+002  0.672019869670997E+002  0.330539870000172E+000 -0.706475902779180E+001 -0.704523639588971E+003 -0.704523639588971E+003 -0.704525101691522E+003
 -0.175720899136168E+002  0.673304808955414E+002  0.330690483743507E+000 -0.706475902779180E+001 -0.704523110523894E+003 -0.704523110523894E+003 -0.704523642757800E+003
 -0.184744741585574E+002  0.672159919845002E+002  0.330770394879956E+000 -0.706475902779180E+001 -0.704523155217074E+003 -0.704523155217074E+003 -0.704524475533856E+003
 -0.186586494796292E+002  0.671772042752034E+002  0.330818209138413E+000 -0.706475902779180E+001 -0.704523331427602E+003 -0.704523331427602E+003 -0.704523900436684E+003
 -0.181253883962110E+002  0.672125883750745E+002  0.330600172936427E+000 -0.706475902779180E+001 -0.704523452162109E+003 -0.704523452162109E+003 -0.704523641546786E+003
 -0.188644867390861E+002  0.673827399776512E+002  0.331553075448994E+000 -0.706475902779180E+001 -0.704523547003353E+003 -0.704523547003353E+003 -0.704524968030215E+003
 -0.193537948866752E+002  0.673771622191086E+002  0.331260723707839E+000 -0.706475902779180E+001 -0.704523158862808E+003 -0.704523158862808E+003 -0.704525448120706E+003
 -0.187367407880650E+002  0.673473472476127E+002  0.330455912189897E+000 -0.706475902779180E+001 -0.704523542127019E+003 -0.704523542127019E+003 -0.704524763894185E+003
 -0.190646786477567E+002  0.672092190007430E+002  0.330987059274160E+000 -0.706475902779180E+001 -0.704522969384948E+003 -0.704522969384948E+003 -0.704526079164382E+003
 -0.187752639841097E+002  0.672195566892428E+002  0.331570283112448E+000 -0.706475902779180E+001 -0.704523106185322E+003 -0.704523106185322E+003 -0.704529318925213E+003
 -0.183086333620986E+002  0.673559270635261E+002  0.330471833286132E+000 -0.706475902779180E+001 -0.704523537238566E+003 -0.704523537238566E+003 -0.704525025177360E+003
 -0.183557556783617E+002  0.672967375202797E+002  0.330638227047378E+000 -0.706475902779180E+001 -0.704523146078075E+003 -0.704523146078075E+003 -0.704531123393464E+003
 -0.188804755064218E+002  0.671568556251794E+002  0.330844103304124E+000 -0.706475902779180E+001 -0.704523461301484E+003 -0.704523461301484E+003 -0.704525448120706E+003
 -0.187472540620274E+002  0.672593216748431E+002  0.331365317934544E+000 -0.706475902779180E+001 -0.704522845372635E+003 -0.704522845372635E+003 -0.704524243835184E+003
 -0.183623538021666E+002  0.674104162761672E+002  0.330686955632532E+000 -0.706475902779180E+001 -0.704523511955091E+003 -0.704523511955091E+003 -0.704523814612666E+003
 -0.188117962874704E+002  0.672962046977802E+002  0.331342145879783E+000 -0.706475902779180E+001 -0.704522855593225E+003 -0.704522855593225E+003 -0.704523721523839E+003
 -0.194178385219318E+002  0.674005970716257E+002  0.331462876962341E+000 -0.706475902779180E+001 -0.704523562526565E+003 -0.704523562526565E+003 -0.704524475533856E+003
 -0.183367948245978E+002  0.674061800177710E+002  0.330967282583030E+000 -0.706475902779180E+001 -0.704523302051475E+003 -0.704523302051475E+003 -0.704523658736072E+003
 -0.180210561639374E+002  0.672599198780875E+002  0.330986269488543E+000 -0.706475902779180E+001 -0.704522810430243E+003 -0.704522810430243E+003 -0.704523658736072E+003
 -0.181898684685415E+002  0.672017652396225E+002  0.331697701577599E+000 -0.706475902779180E+001 -0.704523342266324E+003 -0.704523342266324E+003 -0.704523658736072E+003
 -0.184204858549605E+002  0.671138294318965E+002  0.331281038306329E+000 -0.706475902779180E+001 -0.704523594990406E+003 -0.704523594990406E+003 -0.704523641546786E+003
 -0.126479913637078E+002  0.672281578309797E+002  0.331852914482576E+000 -0.706475902779180E+001 -0.704523581318672E+003 -0.704523581318672E+003 -0.704532197281526E+003
 -0.127016284352496E+002  0.671899298745099E+002  0.331321138583640E+000 -0.706475902779180E+001 -0.704523015936114E+003 -0.704523015936114E+003 -0.704524974111854E+003
 -0.131487991556608E+002  0.672483200856342E+002  0.330802096104790E+000 -0.706475902779180E+001 -0.704522990401201E+003 -0.704522990401201E+003 -0.704524265915316E+003
 -0.126282017362918E+002  0.672692147873772E+002  0.331576338078984E+000 -0.706475902779180E+001 -0.704523071932326E+003 -0.704523071932326E+003 -0.704525861607032E+003
 -0.131561555004322E+002  0.672193955207046E+002  0.331570947419426E+000 -0.706475902779180E+001 -0.704523107428399E+003 -0.704523107428399E+003 -0.704524290276926E+003
 -0.134659123153116E+002  0.672892209501633E+002  0.331117155404804E+000 -0.706475902779180E+001 -0.704522765219608E+003 -0.704522765219608E+003 -0.704524132407253E+003
 -0.131237546242312E+002  0.673605720439458E+002  0.330687044290285E+000 -0.706475902779180E+001 -0.704523215007613E+003 -0.704523215007613E+003 -0.704524974111854E+003
 -0.130041042985364E+002  0.672148806627977E+002  0.330785570428629E+000 -0.706475902779180E+001 -0.704523140549104E+003 -0.704523140549104E+003 -0.704523581318672E+003
 -0.128804877436495E+002  0.672704611721005E+002  0.331150734270253E+000 -0.706475902779180E+001 -0.704522760876506E+003 -0.704522760876506E+003 -0.704523581318672E+003
 -0.131772955258323E+002  0.673260672385534E+002  0.331141049596967E+000 -0.706475902779180E+001 -0.704522843216696E+003 -0.704522843216696E+003 -0.704523581318672E+003
 -0.140021752673230E+002  0.673162013459944E+002  0.331614938268621E+000 -0.706475902779180E+001 -0.704523244368871E+003 -0.704523244368871E+003 -0.704524202797604E+003
 -0.137851726021849E+002  0.673012914389935E+002  0.330793171924083E+000 -0.706475902779180E+001 -0.704522946004951E+003 -0.704522946004951E+003 -0.704525085399084E+003
 -0.145240246207541E+002  0.672843620428230E+002  0.330588146645534E+000 -0.706475902779180E+001 -0.704523235455031E+003 -0.704523235455031E+003 -0.704524202797604E+003
 -0.138472736762186E+002  0.673781751239919E+002  0.331155979253462E+000 -0.706475902779180E+001 -0.704523110503119E+003 -0.704523110503119E+003 -0.704525085399084E+003
 -0.953677135551558E+001  0.671889020937102E+002  0.330932696643799E+000 -0.706475902779180E+001 -0.704523124913319E+003 -0.704523124913319E+003 -0.704525668781683E+003
 -0.973264244493522E+001  0.672616133199050E+002  0.330625168766943E+000 -0.706475902779180E+001 -0.704523209565512E+003 -0.704523209565512E+003 -0.704528962206954E+003
 -0.978048528379572E+001  0.673835925764012E+002  0.331359800049633E+000 -0.706475902779180E+001 -0.704523292313152E+003 -0.704523292313152E+003 -0.704524528320391E+003
 -0.107370043107791E+002  0.673706630868449E+002  0.331594125629881E+000 -0.706475902779180E+001 -0.704523522415174E+003 -0.704523522415174E+003 -0.704524136244167E+003
 -0.107087413478672E+002  0.673663553721758E+002  0.331343913737549E+000 -0.706475902779180E+001 -0.704523153658972E+003 -0.704523153658972E+003 -0.704524542736972E+003
 -0.981248476851307E+001  0.672595825514560E+002  0.330779462726602E+000 -0.706475902779180E+001 -0.704522989944342E+003 -0.704522989944342E+003 -0.704526550544058E+003
 -0.108897260877737E+002  0.673471173204687E+002  0.330483722451241E+000 -0.706475902779180E+001 -0.704523486687267E+003 -0.704523486687267E+003 -0.704525653508002E+003
 -0.109303195632525E+002  0.672475426967729E+002  0.331395640998375E+000 -0.706475902779180E+001 -0.704522877237447E+003 -0.704522877237447E+003 -0.704550332513660E+003
 -0.115908964057014E+002  0.673590477915207E+002  0.330730343882268E+000 -0.706475902779180E+001 -0.704523158469424E+003 -0.704523158469424E+003 -0.704527709583324E+003
 -0.117415954588080E+002  0.674323150263941E+002  0.330871260278106E+000 -0.706475902779180E+001 -0.704523561511059E+003 -0.704523561511059E+003 -0.704525495934650E+003
 -0.113079162243858E+002  0.673752842837684E+002  0.330893377191219E+000 -0.706475902779180E+001 -0.704523111549990E+003 -0.704523111549990E+003 -0.704527136488595E+003
 -0.117653062628139E+002  0.672092211115009E+002  0.331366215001822E+000 -0.706475902779180E+001 -0.704522951262049E+003 -0.704522951262049E+003 -0.704523561511059E+003
 -0.114758563125616E+002  0.672546800755079E+002  0.331799955187348E+000 -0.706475902779180E+001 -0.704523457952655E+003 -0.704523457952655E+003 -0.704523561511059E+003
 -0.118619267388178E+002  0.671209042804624E+002  0.331146747852299E+000 -0.706475902779180E+001 -0.704523547173163E+003 -0.704523547173163E+003 -0.704523561511059E+003
 -0.117559330655750E+002  0.673439478953888E+002  0.331122343720119E+000 -0.706475902779180E+001 -0.704522909623684E+003 -0.704522909623684E+003 -0.704523561511059E+003
 -0.112920274250312E+002  0.673011923231248E+002  0.330820768202628E+000 -0.706475902779180E+001 -0.704522918425507E+003 -0.704522918425507E+003 -0.704523561511059E+003
 -0.122102536510811E+002  0.672578674347228E+002  0.331095496937801E+000 -0.706475902779180E+001 -0.704522774883453E+003 -0.704522774883453E+003 -0.704523561511059E+003
 -0.118923777091821E+002  0.673897865931919E+002  0.331014336590113E+000 -0.706475902779180E+001 -0.704523171072358E+003 -0.704523171072358E+003 -0.704523561511059E+003
