  0.100000000000000E+001  0.141523467733427E+004 -0.122808719106837E+002  0.574667948716627E+002  0.341198523520530E+000 -0.706475902779180E+001 -0.707617338667135E+003
  0.100000000000000E+001  0.143065516967522E+004  0.256746068504776E+001  0.665322103281570E+002  0.254737726908971E+000 -0.706475902779180E+001 -0.715327584837611E+003
  0.100000000000000E+001  0.142054748336470E+004 -0.192371088335071E+002  0.678083689452936E+002  0.392381241342170E+000 -0.706475902779180E+001 -0.710273741682348E+003
  0.100000000000000E+001  0.141155552669180E+004 -0.112988940727014E+002  0.732381419035408E+002  0.334637846892901E+000 -0.706475902779180E+001 -0.705777763345899E+003
  0.100000000000000E+001  0.141156586559808E+004  0.862861207009221E+001  0.677623173252456E+002  0.358920546893442E+000 -0.706475902779180E+001 -0.705782932799041E+003
  0.100000000000000E+001  0.142014669877793E+004 -0.520580666609073E+001  0.713014416675731E+002  0.274556052011442E+000 -0.706475902779180E+001 -0.710073349388966E+003
  0.100000000000000E+001  0.141573110324154E+004  0.646922431790817E+001  0.768760262957148E+002  0.306029518952639E+000 -0.706475902779180E+001 -0.707865551620771E+003
  0.100000000000000E+001  0.141589520593002E+004  0.493633430805859E+001  0.581316031630355E+002  0.316590488111194E+000 -0.706475902779180E+001 -0.707947602965011E+003
  0.100000000000000E+001  0.141925534766022E+004 -0.610185432065029E+001  0.750839021668742E+002  0.368442521331267E+000 -0.706475902779180E+001 -0.709627673830112E+003
  0.100000000000000E+001  0.141919871912434E+004 -0.107124426006780E+002  0.572252362456305E+002  0.305161397894652E+000 -0.706475902779180E+001 -0.709599359562172E+003
  0.100000000000000E+001  0.141912522155336E+004 -0.101521950293826E+001  0.786010224986532E+002  0.344837805537909E+000 -0.706475902779180E+001 -0.709562610776680E+003
  0.100000000000000E+001  0.141606971183474E+004 -0.111061973121243E+002  0.577566414881638E+002  0.358347650814526E+000 -0.706475902779180E+001 -0.708034855917370E+003
  0.100000000000000E+001  0.141905894939594E+004  0.168713299845999E+002  0.670809327106578E+002  0.388866030989051E+000 -0.706475902779180E+001 -0.709529474697968E+003
  0.100000000000000E+001  0.141609215893375E+004 -0.162846092767036E+002  0.580431820937596E+002  0.361014299801866E+000 -0.706475902779180E+001 -0.708046079466877E+003
  0.100000000000000E+001  0.141866722156640E+004  0.538990308573197E+001  0.641642262325223E+002  0.388586014298342E+000 -0.706475902779180E+001 -0.709333610783202E+003
  0.100000000000000E+001  0.141157148441210E+004 -0.983488109155194E+001  0.623480603012521E+002  0.317823567473943E+000 -0.706475902779180E+001 -0.705785742206049E+003
  0.100000000000000E+001  0.141611241393924E+004 -0.147643665277304E+000  0.748766027155175E+002  0.356527235050428E+000 -0.706475902779180E+001 -0.708056206969619E+003
  0.100000000000000E+001  0.141631918106929E+004 -0.717101002731101E+001  0.672545613987420E+002  0.379923796698875E+000 -0.706475902779180E+001 -0.708159590534647E+003
  0.100000000000000E+001  0.141634697071158E+004 -0.104502720952538E+002  0.716260996796310E+002  0.285672500598865E+000 -0.706475902779180E+001 -0.708173485355792E+003
  0.100000000000000E+001  0.141815429567344E+004  0.126978607399855E+002  0.596683879644510E+002  0.296799136761080E+000 -0.706475902779180E+001 -0.709077147836720E+003
  0.100000000000000E+001  0.141814965626384E+004 -0.110011976238887E+002  0.710418896367048E+002  0.279753655066843E+000 -0.706475902779180E+001 -0.709074828131922E+003
  0.100000000000000E+001  0.141639312380145E+004 -0.635562511749050E+001  0.575679717816196E+002  0.318300235431289E+000 -0.706475902779180E+001 -0.708196561900723E+003
  0.100000000000000E+001  0.141646945744063E+004 -0.523741582704137E+001  0.720890572128952E+002  0.285764146072132E+000 -0.706475902779180E+001 -0.708234728720316E+003
  0.100000000000000E+001  0.141656522374106E+004 -0.113468114058046E+002  0.780422741843050E+002  0.329292577507058E+000 -0.706475902779180E+001 -0.708282611870531E+003
  0.100000000000000E+001  0.141687341476774E+004  0.434552757163147E+001  0.604145962405026E+002  0.376628503086931E+000 -0.706475902779180E+001 -0.708436707383872E+003
  0.100000000000000E+001  0.141692083344598E+004  0.125832951062978E+002  0.730237017305869E+002  0.368582723912333E+000 -0.706475902779180E+001 -0.708460416722991E+003
  0.100000000000000E+001  0.141699023854133E+004  0.184112382872882E+002  0.660046469863920E+002  0.383071549627598E+000 -0.706475902779180E+001 -0.708495119270664E+003
  0.100000000000000E+001  0.141729894842273E+004 -0.182816087837252E+002  0.720783441883203E+002  0.283078594994523E+000 -0.706475902779180E+001 -0.708649474211365E+003
  0.100000000000000E+001  0.141520767106988E+004 -0.182175540911105E+002  0.632465383480938E+002  0.375558523664184E+000 -0.706475902779180E+001 -0.707603835534939E+003
  0.100000000000000E+001  0.141506812638672E+004  0.145095859465854E+002  0.623853955143101E+002  0.373614945242628E+000 -0.706475902779180E+001 -0.707534063193359E+003
  0.100000000000000E+001  0.141505249745982E+004 -0.650882329502201E+001  0.749829973323068E+002  0.350233749453629E+000 -0.706475902779180E+001 -0.707526248729912E+003
  0.100000000000000E+001  0.141504415177467E+004 -0.197328061473109E+001  0.576018341800316E+002  0.337912406322250E+000 -0.706475902779180E+001 -0.707522075887337E+003
  0.100000000000000E+001  0.141502751674809E+004 -0.145501128022277E+002  0.663047978897472E+002  0.375930774330295E+000 -0.706475902779180E+001 -0.707513758374047E+003
  0.100000000000000E+001  0.141493848556321E+004  0.792457598384085E+001  0.658897725420683E+002  0.291313565135073E+000 -0.706475902779180E+001 -0.707469242781606E+003
  0.100000000000000E+001  0.141159765250240E+004  0.159718779788640E+002  0.611427264531209E+002  0.342907891735844E+000 -0.706475902779180E+001 -0.705798826251199E+003
  0.100000000000000E+001  0.141476738610125E+004 -0.295292849891893E+001  0.686699655497714E+002  0.372383080118352E+000 -0.706475902779180E+001 -0.707383693050625E+003
  0.100000000000000E+001  0.141476009649605E+004 -0.137072584016907E+002  0.671204755288201E+002  0.374346534875234E+000 -0.706475902779180E+001 -0.707380048248026E+003
  0.100000000000000E+001  0.141468645936719E+004  0.143959318020588E+002  0.748785345960642E+002  0.348730052453861E+000 -0.706475902779180E+001 -0.707343229683595E+003
  0.100000000000000E+001  0.141460885850394E+004 -0.339194657607523E+001  0.759203163133037E+002  0.307255112078852E+000 -0.706475902779180E+001 -0.707304429251970E+003
  0.100000000000000E+001  0.141458011524524E+004 -0.607898579689718E+001  0.759700269264121E+002  0.338215619060666E+000 -0.706475902779180E+001 -0.707290057622618E+003
  0.100000000000000E+001  0.141457704499982E+004  0.129458832465279E+002  0.688518234294996E+002  0.371317725797499E+000 -0.706475902779180E+001 -0.707288522499908E+003
  0.100000000000000E+001  0.141452773370721E+004 -0.683694679130474E+001  0.765443508646441E+002  0.317418626238849E+000 -0.706475902779180E+001 -0.707263866853605E+003
  0.100000000000000E+001  0.141451531557843E+004  0.957844975772375E+000  0.751270734557289E+002  0.345738365079480E+000 -0.706475902779180E+001 -0.707257657789214E+003
  0.100000000000000E+001  0.141446589116050E+004  0.910132550621660E+001  0.599600361048535E+002  0.312125692148596E+000 -0.706475902779180E+001 -0.707232945580248E+003
  0.100000000000000E+001  0.141446005818142E+004  0.173188458802651E+002  0.581466940168420E+002  0.343037668361496E+000 -0.706475902779180E+001 -0.707230029090710E+003
  0.100000000000000E+001  0.141444568898893E+004 -0.703452025022553E+000  0.593387180303148E+002  0.316727677985867E+000 -0.706475902779180E+001 -0.707222844494465E+003
  0.100000000000000E+001  0.141436221561341E+004 -0.130102333807013E+002  0.748726078535508E+002  0.346655002644591E+000 -0.706475902779180E+001 -0.707181107806707E+003
  0.100000000000000E+001  0.141426598645065E+004  0.647534364353468E+001  0.762279040379122E+002  0.330011048117509E+000 -0.706475902779180E+001 -0.707132993225324E+003
  0.100000000000000E+001  0.141424497272400E+004  0.104365508105583E+002  0.623220211904072E+002  0.369684034288516E+000 -0.706475902779180E+001 -0.707122486362002E+003
  0.100000000000000E+001  0.141417046520077E+004 -0.177706476149589E+002  0.615730374078764E+002  0.305371846741976E+000 -0.706475902779180E+001 -0.707085232600383E+003
  0.100000000000000E+001  0.141411572880478E+004 -0.794642250769849E+001  0.756338502480000E+002  0.309336644479482E+000 -0.706475902779180E+001 -0.707057864402388E+003
  0.100000000000000E+001  0.141410641287241E+004 -0.211968138483967E+001  0.613759242683224E+002  0.306548480451866E+000 -0.706475902779180E+001 -0.707053206436207E+003
  0.100000000000000E+001  0.141408499318353E+004  0.104486113444017E+002  0.736959303268576E+002  0.352616953510611E+000 -0.706475902779180E+001 -0.707042496591766E+003
  0.100000000000000E+001  0.141406379015867E+004 -0.105411519539769E+002  0.647983845326773E+002  0.372079659900010E+000 -0.706475902779180E+001 -0.707031895079336E+003
  0.100000000000000E+001  0.141405531653287E+004 -0.363617396210304E+001  0.760799512671451E+002  0.316537479365433E+000 -0.706475902779180E+001 -0.707027658266435E+003
  0.100000000000000E+001  0.141405442678351E+004  0.348703955604717E+001  0.655560001918888E+002  0.372213710009454E+000 -0.706475902779180E+001 -0.707027213391756E+003
  0.100000000000000E+001  0.141405320030779E+004 -0.193776956968059E+002  0.740819191190972E+002  0.350119036388738E+000 -0.706475902779180E+001 -0.707026600153896E+003
  0.100000000000000E+001  0.141403687169038E+004 -0.104861766826689E+002  0.707911148274222E+002  0.364474074740722E+000 -0.706475902779180E+001 -0.707018435845192E+003
  0.100000000000000E+001  0.141396675270618E+004 -0.189048490778632E+002  0.716915152011695E+002  0.294651921038282E+000 -0.706475902779180E+001 -0.706983376353090E+003
  0.100000000000000E+001  0.141395344788632E+004  0.149227908696972E+002  0.641755189620161E+002  0.298050606010498E+000 -0.706475902779180E+001 -0.706976723943160E+003
  0.100000000000000E+001  0.141390859414512E+004 -0.601368957158588E+001  0.634476478994798E+002  0.300085796252757E+000 -0.706475902779180E+001 -0.706954297072562E+003
  0.100000000000000E+001  0.141160315923777E+004  0.158793996707240E+002  0.611235978380533E+002  0.342697157777550E+000 -0.706475902779180E+001 -0.705801579618883E+003
  0.100000000000000E+001  0.141379361538030E+004  0.106942522724556E+001  0.749509888389882E+002  0.306684594944184E+000 -0.706475902779180E+001 -0.706896807690151E+003
  0.100000000000000E+001  0.141378435088882E+004 -0.130873930768330E+002  0.755157808646454E+002  0.335199755652319E+000 -0.706475902779180E+001 -0.706892175444411E+003
  0.100000000000000E+001  0.141376812564332E+004  0.680625061841222E+001  0.676580826495630E+002  0.293810935938273E+000 -0.706475902779180E+001 -0.706884062821659E+003
  0.100000000000000E+001  0.141368912332805E+004 -0.145689989006507E+002  0.706026676960783E+002  0.363465550415034E+000 -0.706475902779180E+001 -0.706844561664026E+003
  0.100000000000000E+001  0.141364444793980E+004 -0.237059025214717E+001  0.598446292795058E+002  0.355564143520357E+000 -0.706475902779180E+001 -0.706822223969902E+003
  0.100000000000000E+001  0.141355246980243E+004  0.682115954903984E+001  0.641596241570200E+002  0.299752761034015E+000 -0.706475902779180E+001 -0.706776234901215E+003
  0.100000000000000E+001  0.141350551900646E+004  0.812701957292803E+001  0.702399054170658E+002  0.363652172518159E+000 -0.706475902779180E+001 -0.706752759503229E+003
  0.100000000000000E+001  0.141161155226067E+004 -0.142984183662447E+001  0.652837247700967E+002  0.360056228502367E+000 -0.706475902779180E+001 -0.705805776130333E+003
  0.100000000000000E+001  0.141346227261155E+004 -0.467203916412429E+001  0.618568005052773E+002  0.307759228873511E+000 -0.706475902779180E+001 -0.706731136305774E+003
  0.100000000000000E+001  0.141345925915754E+004  0.621539060026970E+001  0.746396541639146E+002  0.307320126148069E+000 -0.706475902779180E+001 -0.706729629578771E+003
  0.100000000000000E+001  0.141344336439449E+004  0.957429452166216E+001  0.756196817333336E+002  0.320981215680352E+000 -0.706475902779180E+001 -0.706721682197245E+003
  0.100000000000000E+001  0.141341884894017E+004  0.116943970832916E+001  0.755972832657425E+002  0.325558156060908E+000 -0.706475902779180E+001 -0.706709424470087E+003
  0.100000000000000E+001  0.141341384864521E+004  0.941210434179323E+001  0.672672782409747E+002  0.368661621624270E+000 -0.706475902779180E+001 -0.706706924322603E+003
  0.100000000000000E+001  0.141162259452434E+004  0.267591359139740E+000  0.685373601055507E+002  0.358018386523378E+000 -0.706475902779180E+001 -0.705811297262168E+003
  0.100000000000000E+001  0.141332519144291E+004  0.189710950238840E+002  0.591291422668878E+002  0.334236751040806E+000 -0.706475902779180E+001 -0.706662595721457E+003
  0.100000000000000E+001  0.141329208114648E+004 -0.165475951735188E+002  0.605833051281440E+002  0.315798010898432E+000 -0.706475902779180E+001 -0.706646040573238E+003
  0.100000000000000E+001  0.141325754429999E+004 -0.686801226654598E+001  0.734621150963009E+002  0.302703762374235E+000 -0.706475902779180E+001 -0.706628772149994E+003
  0.100000000000000E+001  0.141319883952810E+004 -0.141442871757712E+002  0.753526356481485E+002  0.327340812922541E+000 -0.706475902779180E+001 -0.706599419764049E+003
  0.100000000000000E+001  0.141319380350919E+004  0.169472299981721E+002  0.729064862522680E+002  0.351714925779731E+000 -0.706475902779180E+001 -0.706596901754593E+003
  0.100000000000000E+001  0.141317618915922E+004 -0.152996532228527E+002  0.642243679405134E+002  0.367589759552228E+000 -0.706475902779180E+001 -0.706588094579609E+003
  0.100000000000000E+001  0.141317339020551E+004  0.132563691307923E+002  0.646043945912476E+002  0.300360584268315E+000 -0.706475902779180E+001 -0.706586695102757E+003
  0.100000000000000E+001  0.141317309281582E+004  0.135402253808242E+002  0.609447937037626E+002  0.358730282395578E+000 -0.706475902779180E+001 -0.706586546407910E+003
  0.100000000000000E+001  0.141316699388282E+004  0.343821859888940E+001  0.674375582231257E+002  0.367390257639670E+000 -0.706475902779180E+001 -0.706583496941411E+003
  0.100000000000000E+001  0.141314393883536E+004 -0.956202543176466E+001  0.709732154337485E+002  0.297295667878719E+000 -0.706475902779180E+001 -0.706571969417682E+003
  0.100000000000000E+001  0.141309255824183E+004  0.182699675256481E+001  0.752116419120278E+002  0.318766808808511E+000 -0.706475902779180E+001 -0.706546279120914E+003
  0.100000000000000E+001  0.141309003587755E+004  0.901653084604792E+001  0.595588028154837E+002  0.328554456192596E+000 -0.706475902779180E+001 -0.706545017938774E+003
  0.100000000000000E+001  0.141308928030613E+004 -0.203426103987858E+001  0.638403693443639E+002  0.366696861878595E+000 -0.706475902779180E+001 -0.706544640153066E+003
  0.100000000000000E+001  0.141302086037929E+004 -0.244412163036625E+001  0.594272074415085E+002  0.333942300600290E+000 -0.706475902779180E+001 -0.706510430189646E+003
  0.100000000000000E+001  0.141301800463373E+004 -0.571499946324676E+001  0.633999629852210E+002  0.304270052868446E+000 -0.706475902779180E+001 -0.706509002316863E+003
  0.100000000000000E+001  0.141297526538975E+004  0.179672665563834E+002  0.730049712861789E+002  0.349790999320382E+000 -0.706475902779180E+001 -0.706487632694875E+003
  0.100000000000000E+001  0.141296138625633E+004 -0.108221127086631E+002  0.594928600828332E+002  0.340781365913268E+000 -0.706475902779180E+001 -0.706480693128164E+003
  0.100000000000000E+001  0.141296115586845E+004 -0.163626858729867E+002  0.596627730840893E+002  0.328981034599917E+000 -0.706475902779180E+001 -0.706480577934223E+003
  0.100000000000000E+001  0.141291998115061E+004 -0.129202221778460E+002  0.704500358178693E+002  0.297725616758079E+000 -0.706475902779180E+001 -0.706459990575307E+003
  0.100000000000000E+001  0.141289668350792E+004 -0.157362183033601E+002  0.649220721433741E+002  0.366781370751938E+000 -0.706475902779180E+001 -0.706448341753958E+003
  0.100000000000000E+001  0.141289252605464E+004 -0.105811165556117E+002  0.708141297421067E+002  0.298269223822848E+000 -0.706475902779180E+001 -0.706446263027320E+003
  0.100000000000000E+001  0.141287155188764E+004 -0.141873784271983E+002  0.617837889422253E+002  0.311500209734469E+000 -0.706475902779180E+001 -0.706435775943821E+003
  0.100000000000000E+001  0.141284193497430E+004  0.419249229054849E+001  0.605978041001813E+002  0.353903555050070E+000 -0.706475902779180E+001 -0.706420967487148E+003
  0.100000000000000E+001  0.141283184299532E+004 -0.880235705278719E+001  0.599613194726540E+002  0.347690329125572E+000 -0.706475902779180E+001 -0.706415921497658E+003
  0.100000000000000E+001  0.141282816578183E+004 -0.542266396411652E+001  0.693711986876877E+002  0.362629381039458E+000 -0.706475902779180E+001 -0.706414082890916E+003
  0.100000000000000E+001  0.141279992131364E+004 -0.133710587611012E+002  0.637386756994579E+002  0.304311058404200E+000 -0.706475902779180E+001 -0.706399960656822E+003
  0.100000000000000E+001  0.141279479837355E+004 -0.774266727822753E+001  0.639998004690818E+002  0.365390416210430E+000 -0.706475902779180E+001 -0.706397399186773E+003
  0.100000000000000E+001  0.141279052283063E+004 -0.139726392004452E+002  0.689840750806803E+002  0.297481372768345E+000 -0.706475902779180E+001 -0.706395261415317E+003
  0.100000000000000E+001  0.141277803635593E+004  0.472830742857625E+001  0.742586823185631E+002  0.338764281051489E+000 -0.706475902779180E+001 -0.706389018177964E+003
  0.100000000000000E+001  0.141276636815424E+004  0.424271456383771E+001  0.650479263815488E+002  0.301235914558477E+000 -0.706475902779180E+001 -0.706383184077120E+003
  0.100000000000000E+001  0.141166444603167E+004 -0.111231406346042E+002  0.621284928497502E+002  0.318410881778596E+000 -0.706475902779180E+001 -0.705832223015835E+003
  0.100000000000000E+001  0.141273550526203E+004 -0.110297562132798E+002  0.742827366424279E+002  0.311476502628654E+000 -0.706475902779180E+001 -0.706367752631017E+003
  0.100000000000000E+001  0.141271255336746E+004 -0.186780673457541E+002  0.744550798449680E+002  0.335689993235909E+000 -0.706475902779180E+001 -0.706356276683728E+003
  0.100000000000000E+001  0.141270304423213E+004 -0.752293487617091E+001  0.597498180289138E+002  0.340333352630585E+000 -0.706475902779180E+001 -0.706351522116067E+003
  0.100000000000000E+001  0.141268195416273E+004 -0.125990378855758E+002  0.605128688503752E+002  0.321604193331326E+000 -0.706475902779180E+001 -0.706340977081366E+003
  0.100000000000000E+001  0.141264964954768E+004  0.177402855969448E+002  0.738595496990787E+002  0.341302669514365E+000 -0.706475902779180E+001 -0.706324824773840E+003
  0.100000000000000E+001  0.141264746487110E+004  0.191108063962644E+002  0.600899550347859E+002  0.327078590404355E+000 -0.706475902779180E+001 -0.706323732435549E+003
  0.100000000000000E+001  0.141262990096012E+004  0.841153509770188E+001  0.733751542239945E+002  0.344958783741637E+000 -0.706475902779180E+001 -0.706314950480062E+003
  0.100000000000000E+001  0.141260901698834E+004 -0.818182550774777E+001  0.644266568043068E+002  0.303375953297058E+000 -0.706475902779180E+001 -0.706304508494170E+003
  0.100000000000000E+001  0.141260244684955E+004 -0.800611832103457E+001  0.637476122966059E+002  0.305273700195762E+000 -0.706475902779180E+001 -0.706301223424776E+003
  0.100000000000000E+001  0.141259716879300E+004 -0.306070199980176E+001  0.718567011776120E+002  0.301630248751628E+000 -0.706475902779180E+001 -0.706298584396498E+003
  0.100000000000000E+001  0.141259541130233E+004 -0.377973426107611E+001  0.658616804318335E+002  0.365559904547839E+000 -0.706475902779180E+001 -0.706297705651167E+003
  0.100000000000000E+001  0.141257869735475E+004 -0.775896242877932E+001  0.641350329668492E+002  0.364417951146198E+000 -0.706475902779180E+001 -0.706289348677374E+003
  0.100000000000000E+001  0.141253718170789E+004 -0.525118929568984E+001  0.735739407492156E+002  0.342679832045348E+000 -0.706475902779180E+001 -0.706268590853946E+003
  0.100000000000000E+001  0.141253048464386E+004 -0.104525148270707E+002  0.717283247986098E+002  0.353437616320705E+000 -0.706475902779180E+001 -0.706265242321930E+003
  0.100000000000000E+001  0.141252195896358E+004  0.701181586888291E+001  0.652679891856300E+002  0.301928318730473E+000 -0.706475902779180E+001 -0.706260979481789E+003
  0.100000000000000E+001  0.141249895515572E+004  0.431136289048527E+001  0.737426570012604E+002  0.309773093926962E+000 -0.706475902779180E+001 -0.706249477577861E+003
  0.100000000000000E+001  0.141247617906432E+004 -0.480753900426135E+001  0.733524956396897E+002  0.343867110977893E+000 -0.706475902779180E+001 -0.706238089532159E+003
  0.100000000000000E+001  0.141247526034426E+004 -0.473032039697525E+001  0.602612920481425E+002  0.346189952603501E+000 -0.706475902779180E+001 -0.706237630172131E+003
  0.100000000000000E+001  0.141245957078869E+004  0.181417041072775E+002  0.647890034474133E+002  0.303236577369156E+000 -0.706475902779180E+001 -0.706229785394347E+003
  0.100000000000000E+001  0.141243480984795E+004  0.166012797676588E+002  0.620874149922346E+002  0.312761270423571E+000 -0.706475902779180E+001 -0.706217404923974E+003
  0.100000000000000E+001  0.141242626932913E+004 -0.112136394771699E+002  0.650644552090764E+002  0.302794678815085E+000 -0.706475902779180E+001 -0.706213134664567E+003
  0.100000000000000E+001  0.141238451559035E+004 -0.115273460859835E+002  0.603810019987031E+002  0.326879592335285E+000 -0.706475902779180E+001 -0.706192257795174E+003
  0.100000000000000E+001  0.141237338872931E+004  0.895120977893410E+001  0.629210319731779E+002  0.309386336392530E+000 -0.706475902779180E+001 -0.706186694364656E+003
  0.100000000000000E+001  0.141230492785898E+004 -0.497382705101377E+001  0.742047957351503E+002  0.333084455268390E+000 -0.706475902779180E+001 -0.706152463929489E+003
  0.100000000000000E+001  0.141228879993260E+004 -0.713324261346518E+000  0.716323191317939E+002  0.352380343504323E+000 -0.706475902779180E+001 -0.706144399966298E+003
  0.100000000000000E+001  0.141228244318951E+004  0.483920612358363E+001  0.708220475166398E+002  0.355582214186910E+000 -0.706475902779180E+001 -0.706141221594757E+003
  0.100000000000000E+001  0.141227760585379E+004 -0.104539882462905E+002  0.711479328541228E+002  0.354333974276341E+000 -0.706475902779180E+001 -0.706138802926893E+003
  0.100000000000000E+001  0.141224055870208E+004  0.863132747174559E+001  0.631251003202112E+002  0.360572988493775E+000 -0.706475902779180E+001 -0.706120279351040E+003
  0.100000000000000E+001  0.141223731458132E+004  0.729390546687215E+001  0.710972539318661E+002  0.302057873493494E+000 -0.706475902779180E+001 -0.706118657290661E+003
  0.100000000000000E+001  0.141223371270759E+004  0.192767270106125E+002  0.743740809121139E+002  0.322497303467978E+000 -0.706475902779180E+001 -0.706116856353796E+003
  0.100000000000000E+001  0.141222351356947E+004 -0.245580343692107E+001  0.714017802496253E+002  0.352974195270756E+000 -0.706475902779180E+001 -0.706111756784737E+003
  0.100000000000000E+001  0.141222113712503E+004  0.143038793242341E+002  0.606517953479952E+002  0.325611290768630E+000 -0.706475902779180E+001 -0.706110568562513E+003
  0.100000000000000E+001  0.141221380619605E+004 -0.175648192941205E+002  0.660106391619532E+002  0.302096723429422E+000 -0.706475902779180E+001 -0.706106903098026E+003
  0.100000000000000E+001  0.141220264713262E+004  0.188337611573746E+002  0.726669439074413E+002  0.346345877378724E+000 -0.706475902779180E+001 -0.706101323566311E+003
  0.100000000000000E+001  0.141214808039738E+004 -0.826399769154771E+001  0.614526263126935E+002  0.318807068442101E+000 -0.706475902779180E+001 -0.706074040198691E+003
  0.100000000000000E+001  0.141213952255691E+004  0.129275526776691E+002  0.722346175879049E+002  0.348409314735404E+000 -0.706475902779180E+001 -0.706069761278454E+003
  0.100000000000000E+001  0.141213728097648E+004  0.659127268071366E+001  0.699447272428741E+002  0.357582630874442E+000 -0.706475902779180E+001 -0.706068640488239E+003
  0.100000000000000E+001  0.141210732520784E+004  0.394338595913767E+001  0.674799026462089E+002  0.362211784803405E+000 -0.706475902779180E+001 -0.706053662603919E+003
  0.100000000000000E+001  0.141209378976485E+004  0.817986513220990E+001  0.742021446608829E+002  0.321967465502136E+000 -0.706475902779180E+001 -0.706046894882426E+003
  0.100000000000000E+001  0.141208891812201E+004  0.113441715505460E+002  0.741916516824969E+002  0.321759434403126E+000 -0.706475902779180E+001 -0.706044459061003E+003
  0.100000000000000E+001  0.141205299551979E+004  0.114606138082574E+002  0.739335929898339E+002  0.317067238485969E+000 -0.706475902779180E+001 -0.706026497759894E+003
  0.100000000000000E+001  0.141203545290352E+004 -0.111847847665354E+002  0.690042181603303E+002  0.301026934577416E+000 -0.706475902779180E+001 -0.706017726451759E+003
  0.100000000000000E+001  0.141201923261977E+004  0.135427631146043E+002  0.738784341742500E+002  0.316899641681036E+000 -0.706475902779180E+001 -0.706009616309886E+003
  0.100000000000000E+001  0.141200660803325E+004 -0.179148810880418E+002  0.647970903624162E+002  0.361984460613444E+000 -0.706475902779180E+001 -0.706003304016624E+003
  0.100000000000000E+001  0.141200568263645E+004 -0.197682617939398E+001  0.668015254234184E+002  0.302072439457503E+000 -0.706475902779180E+001 -0.706002841318224E+003
  0.100000000000000E+001  0.141197227485280E+004 -0.370323410592840E+001  0.647606523929714E+002  0.305781307816765E+000 -0.706475902779180E+001 -0.705986137426401E+003
  0.100000000000000E+001  0.141196573113110E+004  0.107960670417270E+002  0.607522365259369E+002  0.344301408608483E+000 -0.706475902779180E+001 -0.705982865565551E+003
  0.100000000000000E+001  0.141196386094694E+004 -0.158922256096932E+002  0.610649986228303E+002  0.348134456340540E+000 -0.706475902779180E+001 -0.705981930473472E+003
  0.100000000000000E+001  0.141195700217530E+004  0.132242349326264E+001  0.611022813878748E+002  0.348406985363583E+000 -0.706475902779180E+001 -0.705978501087651E+003
  0.100000000000000E+001  0.141192259590160E+004  0.105922068036096E+002  0.732666220783127E+002  0.339261119408691E+000 -0.706475902779180E+001 -0.705961297950798E+003
  0.100000000000000E+001  0.141188025430509E+004  0.972990464106002E+001  0.613400201905763E+002  0.349563309116150E+000 -0.706475902779180E+001 -0.705940127152543E+003
  0.100000000000000E+001  0.141187500309001E+004  0.138792543912548E+002  0.606286941406694E+002  0.337737951201050E+000 -0.706475902779180E+001 -0.705937501545003E+003
  0.100000000000000E+001  0.141184974618831E+004  0.152198192433629E+002  0.624643997557994E+002  0.355712806334875E+000 -0.706475902779180E+001 -0.705924873094156E+003
  0.100000000000000E+001  0.141184829358875E+004 -0.185397639021684E+002  0.612581256297249E+002  0.323607106855760E+000 -0.706475902779180E+001 -0.705924146794374E+003
  0.100000000000000E+001  0.141183151081837E+004  0.403147637415934E+001  0.692533264614994E+002  0.357683361926621E+000 -0.706475902779180E+001 -0.705915755409185E+003
  0.100000000000000E+001  0.141182372372449E+004 -0.121643500155965E+002  0.607209868049902E+002  0.333113501212954E+000 -0.706475902779180E+001 -0.705911861862243E+003
  0.100000000000000E+001  0.141182200482780E+004  0.163099320226405E+002  0.735236444232634E+002  0.315777059487259E+000 -0.706475902779180E+001 -0.705911002413901E+003
  0.100000000000000E+001  0.141167161089640E+004 -0.414721169772092E+001  0.733013403624194E+002  0.315674381897882E+000 -0.706475902779180E+001 -0.705835805448202E+003
  0.100000000000000E+001  0.141181217398378E+004 -0.590124090655651E+001  0.657327849900255E+002  0.304567930573616E+000 -0.706475902779180E+001 -0.705906086991888E+003
  0.100000000000000E+001  0.141178465331116E+004  0.107083990754090E+002  0.668722419507472E+002  0.303101620196551E+000 -0.706475902779180E+001 -0.705892326655579E+003
  0.100000000000000E+001  0.141178401519195E+004  0.101190451098935E+001  0.610903247490406E+002  0.326476442539872E+000 -0.706475902779180E+001 -0.705892007595976E+003
  0.100000000000000E+001  0.141177547569434E+004  0.147179050941773E+002  0.692282239683285E+002  0.357423631708412E+000 -0.706475902779180E+001 -0.705887737847170E+003
  0.100000000000000E+001  0.141177353189349E+004 -0.499899861751352E+001  0.738544219088772E+002  0.325302259346016E+000 -0.706475902779180E+001 -0.705886765946746E+003
  0.100000000000000E+001  0.141177275163621E+004 -0.108442265644650E+002  0.612628641639837E+002  0.324536134084773E+000 -0.706475902779180E+001 -0.705886375818103E+003
  0.100000000000000E+001  0.141176831051853E+004  0.850632459233238E+001  0.737546429627171E+002  0.329942673112955E+000 -0.706475902779180E+001 -0.705884155259263E+003
  0.100000000000000E+001  0.141175629925297E+004  0.289304463239141E+001  0.647753788070571E+002  0.306922643142743E+000 -0.706475902779180E+001 -0.705878149626485E+003
  0.100000000000000E+001  0.141174956713583E+004  0.131945896111606E+002  0.610563539384139E+002  0.344697156332216E+000 -0.706475902779180E+001 -0.705874783567917E+003
  0.100000000000000E+001  0.141173767189995E+004  0.546498566169744E+001  0.725501933377033E+002  0.343231574142259E+000 -0.706475902779180E+001 -0.705868835949975E+003
  0.100000000000000E+001  0.141173328461423E+004 -0.161985023000262E+001  0.676031387719567E+002  0.302768514664943E+000 -0.706475902779180E+001 -0.705866642307115E+003
  0.100000000000000E+001  0.141171342433983E+004  0.819973413942424E+001  0.611765812870587E+002  0.326459168346461E+000 -0.706475902779180E+001 -0.705856712169914E+003
  0.100000000000000E+001  0.141169454696194E+004  0.199097719250339E+001  0.612215928827817E+002  0.326168627316829E+000 -0.706475902779180E+001 -0.705847273480971E+003
  0.100000000000000E+001  0.141169083122830E+004 -0.189563214707750E+002  0.716897527246743E+002  0.306851584155723E+000 -0.706475902779180E+001 -0.705845415614152E+003
  0.100000000000000E+001  0.141154567797346E+004  0.443774138640202E+001  0.620435216840241E+002  0.320129621279825E+000 -0.706475902779180E+001 -0.705772838986730E+003
  0.100000000000000E+001  0.141149046261712E+004  0.280646547262435E+001  0.624021521067133E+002  0.352348017522784E+000 -0.706475902779180E+001 -0.705745231308561E+003
  0.100000000000000E+001  0.141148534380812E+004  0.590233664530121E+000  0.630023186653348E+002  0.314918742364504E+000 -0.706475902779180E+001 -0.705742671904058E+003
  0.100000000000000E+001  0.141148199345986E+004  0.245543599154274E+001  0.724572340945254E+002  0.311691439169947E+000 -0.706475902779180E+001 -0.705740996729932E+003
  0.100000000000000E+001  0.141147746777302E+004 -0.169463595932694E+002  0.615619612089010E+002  0.346233937652786E+000 -0.706475902779180E+001 -0.705738733886511E+003
  0.100000000000000E+001  0.141147592972727E+004 -0.409354088866035E+001  0.726525313219066E+002  0.339793321647323E+000 -0.706475902779180E+001 -0.705737964863635E+003
  0.100000000000000E+001  0.141146157549389E+004 -0.702055429778228E+001  0.653943277353025E+002  0.307145602169589E+000 -0.706475902779180E+001 -0.705730787746946E+003
  0.100000000000000E+001  0.141145621586556E+004  0.586079616667569E+001  0.618517232058657E+002  0.322663613781344E+000 -0.706475902779180E+001 -0.705728107932778E+003
  0.100000000000000E+001  0.141145250031157E+004 -0.388780517509815E+000  0.612606714083071E+002  0.341448458533710E+000 -0.706475902779180E+001 -0.705726250155785E+003
  0.100000000000000E+001  0.141144677301159E+004 -0.403901547126004E+000  0.723999774694134E+002  0.311725200325718E+000 -0.706475902779180E+001 -0.705723386505793E+003
  0.100000000000000E+001  0.141142670721068E+004 -0.544308904481821E+001  0.633628212948283E+002  0.355586062872315E+000 -0.706475902779180E+001 -0.705713353605341E+003
  0.100000000000000E+001  0.141141715242771E+004  0.260228820730450E+001  0.733275083788509E+002  0.321297512429759E+000 -0.706475902779180E+001 -0.705708576213854E+003
  0.100000000000000E+001  0.141141640290644E+004  0.168857606597575E+002  0.731808793057471E+002  0.318614325551646E+000 -0.706475902779180E+001 -0.705708201453222E+003
  0.100000000000000E+001  0.141141373758190E+004 -0.514471888598951E+001  0.611903530989225E+002  0.336920378522505E+000 -0.706475902779180E+001 -0.705706868790950E+003
  0.100000000000000E+001  0.141140673411116E+004  0.695246304831625E+001  0.635697649769740E+002  0.312964305319422E+000 -0.706475902779180E+001 -0.705703367055582E+003
  0.100000000000000E+001  0.141140537826357E+004 -0.297134286881626E+001  0.620512814779000E+002  0.321543026266703E+000 -0.706475902779180E+001 -0.705702689131785E+003
  0.100000000000000E+001  0.141135352869767E+004 -0.233563015044047E+001  0.677943073367065E+002  0.304698996403818E+000 -0.706475902779180E+001 -0.705676764348837E+003
  0.100000000000000E+001  0.141134325736254E+004 -0.134207797580410E+002  0.655631249928585E+002  0.358568761727524E+000 -0.706475902779180E+001 -0.705671628681271E+003
  0.100000000000000E+001  0.141133793191509E+004 -0.112422701029179E+002  0.691673019595728E+002  0.304857320272475E+000 -0.706475902779180E+001 -0.705668965957545E+003
  0.100000000000000E+001  0.141132292970633E+004 -0.591830527251960E+001  0.622053691985661E+002  0.321223208442628E+000 -0.706475902779180E+001 -0.705661464853167E+003
  0.100000000000000E+001  0.141131448994270E+004  0.481779400193394E+001  0.613999603124134E+002  0.331341934152026E+000 -0.706475902779180E+001 -0.705657244971352E+003
  0.100000000000000E+001  0.141130284892916E+004 -0.836751642604270E+000  0.613404905132971E+002  0.337408675978281E+000 -0.706475902779180E+001 -0.705651424464582E+003
  0.100000000000000E+001  0.141129844948511E+004 -0.328579539151951E+001  0.731320684883580E+002  0.330943946285057E+000 -0.706475902779180E+001 -0.705649224742556E+003
  0.100000000000000E+001  0.141128453052528E+004 -0.952950172677195E+001  0.643568096593972E+002  0.356879689811077E+000 -0.706475902779180E+001 -0.705642265262642E+003
  0.100000000000000E+001  0.141126969062825E+004 -0.244816740410146E+001  0.627888836702128E+002  0.317826923217110E+000 -0.706475902779180E+001 -0.705634845314123E+003
  0.100000000000000E+001  0.141124474468935E+004 -0.120832812416936E+001  0.727987798072106E+002  0.317103590898653E+000 -0.706475902779180E+001 -0.705622372344673E+003
  0.100000000000000E+001  0.141124219593418E+004 -0.226486409089503E+001  0.621236632691796E+002  0.322830815639191E+000 -0.706475902779180E+001 -0.705621097967088E+003
  0.100000000000000E+001  0.141123676172266E+004  0.160524676432026E+002  0.657992489789581E+002  0.357989641720882E+000 -0.706475902779180E+001 -0.705618380861332E+003
  0.100000000000000E+001  0.141123519728193E+004  0.129033273129584E+001  0.731657177208263E+002  0.325071929246178E+000 -0.706475902779180E+001 -0.705617598640967E+003
  0.100000000000000E+001  0.141122591782970E+004  0.982236151842457E+001  0.708807249711571E+002  0.307966619878304E+000 -0.706475902779180E+001 -0.705612958914851E+003
  0.100000000000000E+001  0.141120956021598E+004 -0.817238817893374E+001  0.727710949851166E+002  0.317393810260428E+000 -0.706475902779180E+001 -0.705604780107989E+003
  0.100000000000000E+001  0.141120330765226E+004  0.869398652895182E+001  0.628474516229791E+002  0.351780476987924E+000 -0.706475902779180E+001 -0.705601653826128E+003
  0.100000000000000E+001  0.141115809652070E+004 -0.159250114409587E+002  0.633279731248286E+002  0.353299505018447E+000 -0.706475902779180E+001 -0.705579048260352E+003
  0.100000000000000E+001  0.141114101902211E+004 -0.110219915119909E+001  0.692875849870615E+002  0.353373297306622E+000 -0.706475902779180E+001 -0.705570509511053E+003
  0.100000000000000E+001  0.141114018307772E+004 -0.117236826844991E+002  0.703075148748876E+002  0.307378817180419E+000 -0.706475902779180E+001 -0.705570091538859E+003
  0.100000000000000E+001  0.141113658837631E+004  0.389348193061297E+001  0.708927808328939E+002  0.347660055578588E+000 -0.706475902779180E+001 -0.705568294188153E+003
  0.100000000000000E+001  0.141113148391349E+004 -0.151657983345097E+002  0.618026318950958E+002  0.342952927800947E+000 -0.706475902779180E+001 -0.705565741956744E+003
  0.100000000000000E+001  0.141113137520157E+004  0.137868830326483E+002  0.721904780316449E+002  0.339732379923851E+000 -0.706475902779180E+001 -0.705565687600786E+003
  0.100000000000000E+001  0.141112922470869E+004 -0.136199187067409E+002  0.639741366642196E+002  0.354954261184115E+000 -0.706475902779180E+001 -0.705564612354347E+003
  0.100000000000000E+001  0.141111785431346E+004 -0.188478009236924E+002  0.636804800411159E+002  0.314625864541140E+000 -0.706475902779180E+001 -0.705558927156731E+003
  0.100000000000000E+001  0.141110692443838E+004 -0.226160936278409E+001  0.728998866506874E+002  0.330425682968592E+000 -0.706475902779180E+001 -0.705553462219188E+003
  0.100000000000000E+001  0.141110331524637E+004 -0.155749919690644E+002  0.638840198553524E+002  0.313897826824918E+000 -0.706475902779180E+001 -0.705551657623184E+003
  0.100000000000000E+001  0.141109288735502E+004  0.464903302892271E+000  0.729711766148069E+002  0.326436142586203E+000 -0.706475902779180E+001 -0.705546443677512E+003
  0.100000000000000E+001  0.141109127637564E+004 -0.745403808914170E+001  0.674462616219285E+002  0.356437955691253E+000 -0.706475902779180E+001 -0.705545638187818E+003
  0.100000000000000E+001  0.141107200022226E+004  0.422795305157656E+001  0.617328044732764E+002  0.340112566675813E+000 -0.706475902779180E+001 -0.705536000111130E+003
  0.100000000000000E+001  0.141106584539471E+004 -0.144058600290448E+002  0.641300025234280E+002  0.313235079753152E+000 -0.706475902779180E+001 -0.705532922697357E+003
  0.100000000000000E+001  0.141106226929210E+004 -0.927593827787242E+001  0.617141112005245E+002  0.339234016150984E+000 -0.706475902779180E+001 -0.705531134646048E+003
  0.100000000000000E+001  0.141106001534218E+004  0.171721698251187E+002  0.619698854018328E+002  0.343715961320399E+000 -0.706475902779180E+001 -0.705530007671092E+003
  0.100000000000000E+001  0.141104697776031E+004 -0.794792268194458E+001  0.633019284671124E+002  0.316971837085259E+000 -0.706475902779180E+001 -0.705523488880154E+003
  0.100000000000000E+001  0.141104304446291E+004  0.524430532993795E+001  0.728417023994327E+002  0.322486791571074E+000 -0.706475902779180E+001 -0.705521522231453E+003
  0.100000000000000E+001  0.141101618215516E+004 -0.175218383178847E+002  0.727304586434581E+002  0.331438065939992E+000 -0.706475902779180E+001 -0.705508091077581E+003
  0.100000000000000E+001  0.141100492979395E+004  0.173193512098124E+002  0.634638087900311E+002  0.352438261810318E+000 -0.706475902779180E+001 -0.705502464896976E+003
  0.100000000000000E+001  0.141097559399191E+004  0.612964170379584E+000  0.649640039606742E+002  0.311204348753898E+000 -0.706475902779180E+001 -0.705487796995954E+003
  0.100000000000000E+001  0.141096054861535E+004  0.546607564157265E+001  0.726774594714067E+002  0.321536407215252E+000 -0.706475902779180E+001 -0.705480274307677E+003
  0.100000000000000E+001  0.141095787736950E+004  0.150629869271650E+002  0.631561194824591E+002  0.350785498886344E+000 -0.706475902779180E+001 -0.705478938684749E+003
  0.100000000000000E+001  0.141094942665638E+004 -0.242379246024982E+001  0.724570179213505E+002  0.318556948417571E+000 -0.706475902779180E+001 -0.705474713328189E+003
  0.100000000000000E+001  0.141094516174596E+004  0.533541659669157E+001  0.683921615618387E+002  0.306984248189937E+000 -0.706475902779180E+001 -0.705472580872981E+003
  0.100000000000000E+001  0.141094102940361E+004  0.114718438989959E+002  0.700487956759498E+002  0.308330494433294E+000 -0.706475902779180E+001 -0.705470514701805E+003
  0.100000000000000E+001  0.141093818282442E+004  0.750060254303552E+001  0.722755385303218E+002  0.336346417746390E+000 -0.706475902779180E+001 -0.705469091412208E+003
  0.100000000000000E+001  0.141092910164859E+004  0.161709281584164E+002  0.662260257922994E+002  0.308769915491667E+000 -0.706475902779180E+001 -0.705464550824293E+003
  0.100000000000000E+001  0.141092600407391E+004 -0.105329514221663E+001  0.646256927639147E+002  0.312549829980270E+000 -0.706475902779180E+001 -0.705463002036954E+003
  0.100000000000000E+001  0.141092314462048E+004  0.671408507531559E+001  0.625118020761224E+002  0.323478564362675E+000 -0.706475902779180E+001 -0.705461572310239E+003
  0.100000000000000E+001  0.141089174521180E+004  0.129596533540876E+002  0.682563625919106E+002  0.353992658512715E+000 -0.706475902779180E+001 -0.705445872605899E+003
  0.100000000000000E+001  0.141089048422471E+004  0.153426077661638E+002  0.713134879761941E+002  0.312031627924199E+000 -0.706475902779180E+001 -0.705445242112357E+003
  0.100000000000000E+001  0.141089006395600E+004 -0.160305378598893E+001  0.623517121977110E+002  0.325517553103215E+000 -0.706475902779180E+001 -0.705445031978002E+003
  0.100000000000000E+001  0.141087006237574E+004 -0.470824683668290E+001  0.710445556693871E+002  0.344637876913568E+000 -0.706475902779180E+001 -0.705435031187869E+003
  0.100000000000000E+001  0.141085974277457E+004  0.120941442088783E+002  0.634701740301538E+002  0.317768685403305E+000 -0.706475902779180E+001 -0.705429871387285E+003
  0.100000000000000E+001  0.141085624033382E+004 -0.602393247591007E+000  0.725874236002446E+002  0.323307073984081E+000 -0.706475902779180E+001 -0.705428120166911E+003
  0.100000000000000E+001  0.141085540376598E+004 -0.407290452799614E+001  0.712539318142890E+002  0.312131845671133E+000 -0.706475902779180E+001 -0.705427701882989E+003
  0.100000000000000E+001  0.141085082944104E+004 -0.194567293759048E+002  0.641570288050422E+002  0.353173915392599E+000 -0.706475902779180E+001 -0.705425414720520E+003
  0.100000000000000E+001  0.141083278076551E+004  0.139596450437122E+002  0.721732307226540E+002  0.317716184921916E+000 -0.706475902779180E+001 -0.705416390382755E+003
  0.100000000000000E+001  0.141080284358722E+004  0.170133869617394E+002  0.721305405966098E+002  0.317816864019017E+000 -0.706475902779180E+001 -0.705401421793612E+003
  0.100000000000000E+001  0.141077459978866E+004 -0.182103190808071E+002  0.633198703149484E+002  0.319413997649163E+000 -0.706475902779180E+001 -0.705387299894330E+003
  0.100000000000000E+001  0.141076319690465E+004 -0.180917978798362E+002  0.646038253397898E+002  0.353428884763194E+000 -0.706475902779180E+001 -0.705381598452325E+003
  0.100000000000000E+001  0.141076302347461E+004  0.155459532370267E+002  0.695494075488854E+002  0.349943657730713E+000 -0.706475902779180E+001 -0.705381511737303E+003
  0.100000000000000E+001  0.141075655045734E+004  0.758484086805550E+001  0.629606103907614E+002  0.321963638175346E+000 -0.706475902779180E+001 -0.705378275228670E+003
  0.100000000000000E+001  0.141075603201480E+004 -0.186930374041109E+002  0.628429486650786E+002  0.322874203262381E+000 -0.706475902779180E+001 -0.705378016007399E+003
  0.100000000000000E+001  0.141075345504769E+004  0.137355227712851E+002  0.648877895238877E+002  0.353834739535263E+000 -0.706475902779180E+001 -0.705376727523844E+003
  0.100000000000000E+001  0.141075200811375E+004 -0.116577547402971E+002  0.621048820840297E+002  0.335109529332010E+000 -0.706475902779180E+001 -0.705376004056876E+003
  0.100000000000000E+001  0.141075140927482E+004  0.122278989479894E+002  0.720162668362887E+002  0.317637339874436E+000 -0.706475902779180E+001 -0.705375704637412E+003
  0.100000000000000E+001  0.141075079294845E+004  0.135715079821721E+002  0.621290222717043E+002  0.337442730136156E+000 -0.706475902779180E+001 -0.705375396474223E+003
  0.100000000000000E+001  0.141074133207610E+004 -0.487974165782254E+001  0.629909858443214E+002  0.321923461885776E+000 -0.706475902779180E+001 -0.705370666038051E+003
  0.100000000000000E+001  0.141073127653691E+004  0.500432677008320E+001  0.628551608323428E+002  0.346552483592518E+000 -0.706475902779180E+001 -0.705365638268457E+003
  0.100000000000000E+001  0.141071915110048E+004 -0.151927816496303E+002  0.708485571832046E+002  0.311966638612798E+000 -0.706475902779180E+001 -0.705359575550242E+003
  0.100000000000000E+001  0.141071473859371E+004 -0.157710355542066E+002  0.621666798263112E+002  0.334207979763436E+000 -0.706475902779180E+001 -0.705357369296854E+003
  0.100000000000000E+001  0.141071367889482E+004  0.121456034116119E+002  0.642538140372843E+002  0.315487241609749E+000 -0.706475902779180E+001 -0.705356839447411E+003
  0.100000000000000E+001  0.141070789077828E+004  0.168885323421458E+002  0.704490993410383E+002  0.310932974128948E+000 -0.706475902779180E+001 -0.705353945389140E+003
  0.100000000000000E+001  0.141069916953877E+004  0.148727039004329E+002  0.646851200854192E+002  0.353061535827697E+000 -0.706475902779180E+001 -0.705349584769385E+003
  0.100000000000000E+001  0.141068620193705E+004 -0.140348892129046E+002  0.708049666462420E+002  0.344180034472911E+000 -0.706475902779180E+001 -0.705343100968526E+003
  0.100000000000000E+001  0.141068467311662E+004 -0.578023463412705E+000  0.695240304814073E+002  0.349421307223675E+000 -0.706475902779180E+001 -0.705342336558309E+003
  0.100000000000000E+001  0.141068130865907E+004 -0.303822601116895E+001  0.647565436842128E+002  0.313947128894750E+000 -0.706475902779180E+001 -0.705340654329535E+003
  0.100000000000000E+001  0.141068044444372E+004 -0.813483587873226E+001  0.669884970830036E+002  0.309356926107633E+000 -0.706475902779180E+001 -0.705340222221861E+003
  0.100000000000000E+001  0.141066284852093E+004 -0.118359893884811E+002  0.721105591961797E+002  0.320279531924802E+000 -0.706475902779180E+001 -0.705331424260467E+003
  0.100000000000000E+001  0.141065292247684E+004 -0.532416333808753E+001  0.622711239155361E+002  0.336879147766095E+000 -0.706475902779180E+001 -0.705326461238418E+003
  0.100000000000000E+001  0.141065229958309E+004  0.886329428521294E+001  0.720866931604844E+002  0.333389830341455E+000 -0.706475902779180E+001 -0.705326149791545E+003
  0.100000000000000E+001  0.141063486160862E+004 -0.182856139236038E+002  0.708973713062514E+002  0.312925721904881E+000 -0.706475902779180E+001 -0.705317430804311E+003
  0.100000000000000E+001  0.141063128122411E+004  0.904544927033747E+000  0.628766342207284E+002  0.324300273727838E+000 -0.706475902779180E+001 -0.705315640612053E+003
  0.100000000000000E+001  0.141062459643943E+004 -0.537921712052434E+001  0.672303133242299E+002  0.309502882473293E+000 -0.706475902779180E+001 -0.705312298219714E+003
  0.100000000000000E+001  0.141061924830808E+004 -0.204305632609554E+000  0.642718868138826E+002  0.316210576228196E+000 -0.706475902779180E+001 -0.705309624154038E+003
  0.100000000000000E+001  0.141061758930998E+004  0.681742630403125E+000  0.689225725452241E+002  0.350616789454793E+000 -0.706475902779180E+001 -0.705308794654990E+003
  0.100000000000000E+001  0.141060182523240E+004 -0.131928592860797E+002  0.721972954860991E+002  0.323835151751010E+000 -0.706475902779180E+001 -0.705300912616199E+003
  0.100000000000000E+001  0.141060178754035E+004  0.408330862594796E+001  0.700675781826113E+002  0.310953625278893E+000 -0.706475902779180E+001 -0.705300893770173E+003
  0.100000000000000E+001  0.141058950811938E+004  0.251155998540744E+001  0.649673943717850E+002  0.313995010178003E+000 -0.706475902779180E+001 -0.705294754059691E+003
  0.100000000000000E+001  0.141055352837281E+004  0.186047231641130E+002  0.645540087577272E+002  0.351556817073178E+000 -0.706475902779180E+001 -0.705276764186406E+003
  0.100000000000000E+001  0.141054400172089E+004 -0.115238872199427E+001  0.629233548539464E+002  0.344273152510382E+000 -0.706475902779180E+001 -0.705272000860446E+003
  0.100000000000000E+001  0.141052944663546E+004  0.170215188909146E+002  0.721233401761617E+002  0.326845682262416E+000 -0.706475902779180E+001 -0.705264723317728E+003
  0.100000000000000E+001  0.141052884279667E+004  0.172405556069381E+002  0.720282929269442E+002  0.330964263753609E+000 -0.706475902779180E+001 -0.705264421398336E+003
  0.100000000000000E+001  0.141052571563535E+004  0.473923040937258E+000  0.714649980489393E+002  0.316883766782515E+000 -0.706475902779180E+001 -0.705262857817674E+003
  0.100000000000000E+001  0.141050802656308E+004  0.524154781654627E+000  0.702930295349413E+002  0.344993334632534E+000 -0.706475902779180E+001 -0.705254013281541E+003
  0.100000000000000E+001  0.141050298580809E+004 -0.366770599761973E+001  0.701800320742385E+002  0.345449805000951E+000 -0.706475902779180E+001 -0.705251492904045E+003
  0.100000000000000E+001  0.141049559280223E+004  0.187285033485105E+002  0.667043156575806E+002  0.310962655329788E+000 -0.706475902779180E+001 -0.705247796401113E+003
  0.100000000000000E+001  0.141049417113028E+004  0.755610888543995E+001  0.626026918392153E+002  0.330759171792268E+000 -0.706475902779180E+001 -0.705247085565139E+003
  0.100000000000000E+001  0.141048932454724E+004  0.548338952231298E+001  0.693904365721752E+002  0.310752067357537E+000 -0.706475902779180E+001 -0.705244662273619E+003
  0.100000000000000E+001  0.141048738208187E+004 -0.408200957193241E+001  0.625241854228787E+002  0.334278865272663E+000 -0.706475902779180E+001 -0.705243691040937E+003
  0.100000000000000E+001  0.141048347740394E+004  0.819595794950322E+001  0.699862557490890E+002  0.346085611121431E+000 -0.706475902779180E+001 -0.705241738701971E+003
  0.100000000000000E+001  0.141045555292662E+004 -0.147190896898055E+002  0.717275581502120E+002  0.334025459366686E+000 -0.706475902779180E+001 -0.705227776463311E+003
  0.100000000000000E+001  0.141045044576109E+004  0.100487909152873E+002  0.718714569557920E+002  0.331596815435368E+000 -0.706475902779180E+001 -0.705225222880544E+003
  0.100000000000000E+001  0.141044432697865E+004  0.987221149417356E+001  0.695748096014647E+002  0.347283600359769E+000 -0.706475902779180E+001 -0.705222163489326E+003
  0.100000000000000E+001  0.141043987814600E+004  0.118891120302639E+001  0.693161421887320E+002  0.311052740139131E+000 -0.706475902779180E+001 -0.705219939073001E+003
  0.100000000000000E+001  0.141043605415749E+004 -0.147683334585363E+002  0.663345645316537E+002  0.352485146720134E+000 -0.706475902779180E+001 -0.705218027078746E+003
  0.100000000000000E+001  0.141041434413472E+004 -0.164987546709545E+002  0.638803783372455E+002  0.348124992619846E+000 -0.706475902779180E+001 -0.705207172067362E+003
  0.100000000000000E+001  0.141041390235198E+004 -0.179597152767687E+002  0.642291041176289E+002  0.349369267625377E+000 -0.706475902779180E+001 -0.705206951175992E+003
  0.100000000000000E+001  0.141039125422464E+004  0.128308597632760E+002  0.718825376606070E+002  0.328221988518716E+000 -0.706475902779180E+001 -0.705195627112319E+003
  0.100000000000000E+001  0.141038919394155E+004 -0.408149663552005E+001  0.718869549407107E+002  0.326523311502865E+000 -0.706475902779180E+001 -0.705194596970777E+003
  0.100000000000000E+001  0.141038658285791E+004  0.121285368935143E+002  0.701292006310685E+002  0.344568013903774E+000 -0.706475902779180E+001 -0.705193291428954E+003
  0.100000000000000E+001  0.141037476778382E+004  0.164771407156315E+002  0.627227326762953E+002  0.333345460349639E+000 -0.706475902779180E+001 -0.705187383891908E+003
  0.100000000000000E+001  0.141037294455592E+004 -0.128507530992169E+002  0.718427319972287E+002  0.325277784933926E+000 -0.706475902779180E+001 -0.705186472277958E+003
  0.100000000000000E+001  0.141036711092651E+004 -0.577480531116728E+001  0.627288448846379E+002  0.333863514017515E+000 -0.706475902779180E+001 -0.705183555463257E+003
  0.100000000000000E+001  0.141035270780047E+004 -0.154272877230143E+002  0.653221605820249E+002  0.351147118570442E+000 -0.706475902779180E+001 -0.705176353900236E+003
  0.100000000000000E+001  0.141033189386086E+004  0.377332610595759E+001  0.658586155151873E+002  0.351486893839625E+000 -0.706475902779180E+001 -0.705165946930432E+003
  0.100000000000000E+001  0.141033087333857E+004  0.157711250010814E+002  0.703201098404357E+002  0.314045554591466E+000 -0.706475902779180E+001 -0.705165436669285E+003
  0.100000000000000E+001  0.141032712999139E+004  0.987865071286873E+001  0.631517087723802E+002  0.326692785326712E+000 -0.706475902779180E+001 -0.705163564995695E+003
  0.100000000000000E+001  0.141031434450526E+004 -0.470607932184642E+001  0.661619218171680E+002  0.313180376883502E+000 -0.706475902779180E+001 -0.705157172252630E+003
  0.100000000000000E+001  0.141030918262896E+004  0.124822340412935E+002  0.693124150799748E+002  0.346977883418591E+000 -0.706475902779180E+001 -0.705154591314481E+003
  0.100000000000000E+001  0.141030887986414E+004 -0.161695684877448E+002  0.676958194102727E+002  0.311463246055854E+000 -0.706475902779180E+001 -0.705154439932068E+003
  0.100000000000000E+001  0.141030535332676E+004  0.440410632037526E+001  0.628412014821037E+002  0.336079475761768E+000 -0.706475902779180E+001 -0.705152676663380E+003
  0.100000000000000E+001  0.141029676313205E+004 -0.530556714320363E+001  0.700639577585585E+002  0.343966497232038E+000 -0.706475902779180E+001 -0.705148381566024E+003
  0.100000000000000E+001  0.141029248339835E+004 -0.152282990760990E+002  0.693157711062629E+002  0.312271012358027E+000 -0.706475902779180E+001 -0.705146241699174E+003
  0.100000000000000E+001  0.141029142970919E+004 -0.117482563792259E+002  0.649101528904403E+002  0.316691019191024E+000 -0.706475902779180E+001 -0.705145714854595E+003
  0.100000000000000E+001  0.141027559356493E+004 -0.442180488286052E+001  0.629050813770873E+002  0.332765784154290E+000 -0.706475902779180E+001 -0.705137796782466E+003
  0.100000000000000E+001  0.141027060082634E+004  0.190448702291530E+002  0.629039436459119E+002  0.333294265146619E+000 -0.706475902779180E+001 -0.705135300413171E+003
  0.100000000000000E+001  0.141027033768313E+004 -0.637990377717600E+001  0.630067839998609E+002  0.339058559930126E+000 -0.706475902779180E+001 -0.705135168841563E+003
  0.100000000000000E+001  0.141026466189962E+004 -0.143192632003685E+002  0.629084875703780E+002  0.335637504130555E+000 -0.706475902779180E+001 -0.705132330949812E+003
  0.100000000000000E+001  0.141025863507553E+004  0.161087032146641E+002  0.665926604919365E+002  0.312888411018848E+000 -0.706475902779180E+001 -0.705129317537764E+003
  0.100000000000000E+001  0.141024827069788E+004 -0.111196337876150E+002  0.714366710177368E+002  0.321698636138923E+000 -0.706475902779180E+001 -0.705124135348940E+003
  0.100000000000000E+001  0.141024234532860E+004 -0.834835544560313E+000  0.631173349891010E+002  0.339978458961206E+000 -0.706475902779180E+001 -0.705121172664300E+003
  0.100000000000000E+001  0.141022254654335E+004 -0.176387086834048E+002  0.629895521835662E+002  0.335949231663049E+000 -0.706475902779180E+001 -0.705111273271675E+003
  0.100000000000000E+001  0.141021996712192E+004 -0.977585602367088E+001  0.665522254565404E+002  0.313255842922788E+000 -0.706475902779180E+001 -0.705109983560958E+003
  0.100000000000000E+001  0.141021297038330E+004  0.113755113524179E+002  0.665134431426168E+002  0.350671566607177E+000 -0.706475902779180E+001 -0.705106485191650E+003
  0.100000000000000E+001  0.141021272158266E+004  0.202436504522215E+001  0.667312460746008E+002  0.313054889277131E+000 -0.706475902779180E+001 -0.705106360791328E+003
  0.100000000000000E+001  0.141021208124644E+004 -0.944152949400717E+000  0.714058612465235E+002  0.332590361652494E+000 -0.706475902779180E+001 -0.705106040623218E+003
  0.100000000000000E+001  0.141021167361903E+004 -0.132395184721670E+002  0.656013172755676E+002  0.350224694623059E+000 -0.706475902779180E+001 -0.705105836809516E+003
  0.100000000000000E+001  0.141020570330700E+004  0.184913207742759E+002  0.667774828964376E+002  0.313049240847737E+000 -0.706475902779180E+001 -0.705102851653501E+003
  0.100000000000000E+001  0.141019481227648E+004  0.178070653455772E+001  0.702261833630155E+002  0.342079486237988E+000 -0.706475902779180E+001 -0.705097406138242E+003
  0.100000000000000E+001  0.141019222451420E+004  0.527014032362646E+001  0.633112142811686E+002  0.341133834149867E+000 -0.706475902779180E+001 -0.705096112257099E+003
  0.100000000000000E+001  0.141018558308940E+004 -0.215661971911859E+001  0.697521411086141E+002  0.344187349618822E+000 -0.706475902779180E+001 -0.705092791544699E+003
  0.100000000000000E+001  0.141018308618782E+004 -0.276857597508647E+001  0.705980343498153E+002  0.316751695440074E+000 -0.706475902779180E+001 -0.705091543093909E+003
  0.100000000000000E+001  0.141016685715435E+004  0.180666401944826E+002  0.667284816546663E+002  0.350239658863655E+000 -0.706475902779180E+001 -0.705083428577175E+003
  0.100000000000000E+001  0.141016576428076E+004  0.111808243682571E+002  0.664962186761766E+002  0.350268736295080E+000 -0.706475902779180E+001 -0.705082882140379E+003
  0.100000000000000E+001  0.141015211486113E+004 -0.193459865629203E+002  0.648015710876850E+002  0.348261741288947E+000 -0.706475902779180E+001 -0.705076057430567E+003
  0.100000000000000E+001  0.141013752811734E+004  0.139938306985387E+002  0.709984268578393E+002  0.319784609137401E+000 -0.706475902779180E+001 -0.705068764058669E+003
  0.100000000000000E+001  0.141012389161293E+004 -0.121116131397499E+002  0.635981269732564E+002  0.342417587850089E+000 -0.706475902779180E+001 -0.705061945806465E+003
  0.100000000000000E+001  0.141012260197021E+004 -0.220652696538910E+000  0.656107333939699E+002  0.316044934712596E+000 -0.706475902779180E+001 -0.705061300985103E+003
  0.100000000000000E+001  0.141011005483026E+004  0.900128130729996E+000  0.701129265983154E+002  0.341682198263784E+000 -0.706475902779180E+001 -0.705055027415128E+003
  0.100000000000000E+001  0.141007323886164E+004  0.166499043261093E+002  0.702049124883593E+002  0.316531504257010E+000 -0.706475902779180E+001 -0.705036619430821E+003
  0.100000000000000E+001  0.141006472399223E+004 -0.731660844731728E+001  0.659238472485082E+002  0.315777487741938E+000 -0.706475902779180E+001 -0.705032361996115E+003
  0.100000000000000E+001  0.141004686422999E+004 -0.911885776694679E+001  0.634015511677877E+002  0.338051437410625E+000 -0.706475902779180E+001 -0.705023432114994E+003
  0.100000000000000E+001  0.141003979224204E+004  0.544466467572547E+001  0.689920150204170E+002  0.314131481225551E+000 -0.706475902779180E+001 -0.705019896121022E+003
  0.100000000000000E+001  0.141003652313276E+004 -0.167214503844998E+002  0.633672343821632E+002  0.332018025973036E+000 -0.706475902779180E+001 -0.705018261566379E+003
  0.100000000000000E+001  0.141002261512641E+004 -0.182373488676494E+002  0.676307794206357E+002  0.348251069475677E+000 -0.706475902779180E+001 -0.705011307563205E+003
  0.100000000000000E+001  0.141001776472949E+004  0.150876100643099E+002  0.685762000761895E+002  0.346411318035703E+000 -0.706475902779180E+001 -0.705008882364747E+003
  0.100000000000000E+001  0.141001147099787E+004 -0.517837130964525E+001  0.664930877145535E+002  0.348884656723374E+000 -0.706475902779180E+001 -0.705005735498937E+003
  0.100000000000000E+001  0.141000569306845E+004  0.686254871280720E+000  0.692636530596636E+002  0.344211681461601E+000 -0.706475902779180E+001 -0.705002846534224E+003
  0.100000000000000E+001  0.141000232639061E+004  0.101496422300405E+002  0.704100134265766E+002  0.338470468385926E+000 -0.706475902779180E+001 -0.705001163195303E+003
  0.100000000000000E+001  0.140999649808501E+004  0.418944463874722E+001  0.691530605778312E+002  0.314771970415501E+000 -0.706475902779180E+001 -0.704998249042503E+003
  0.100000000000000E+001  0.140998277706642E+004  0.837976016674869E+001  0.703798416113853E+002  0.318494831377294E+000 -0.706475902779180E+001 -0.704991388533208E+003
  0.100000000000000E+001  0.140998205714512E+004  0.517898740854282E+001  0.690735168373103E+002  0.314799729878569E+000 -0.706475902779180E+001 -0.704991028572559E+003
  0.100000000000000E+001  0.140997518715030E+004 -0.164634253770183E+002  0.665035982725117E+002  0.315416071194161E+000 -0.706475902779180E+001 -0.704987593575151E+003
  0.100000000000000E+001  0.140997160121194E+004 -0.825476810455241E+001  0.700045542451783E+002  0.340535074072790E+000 -0.706475902779180E+001 -0.704985800605971E+003
  0.100000000000000E+001  0.140997041638684E+004  0.144901909407671E+002  0.668745867020921E+002  0.314909930312257E+000 -0.706475902779180E+001 -0.704985208193421E+003
  0.100000000000000E+001  0.140996201295656E+004 -0.326257765883619E+001  0.701628156116597E+002  0.317809671709623E+000 -0.706475902779180E+001 -0.704981006478279E+003
  0.100000000000000E+001  0.140995703360375E+004  0.177619061742081E+002  0.656142691990771E+002  0.347768750720946E+000 -0.706475902779180E+001 -0.704978516801877E+003
  0.100000000000000E+001  0.140993770358373E+004  0.101598128750708E+002  0.641555831507583E+002  0.342973489170859E+000 -0.706475902779180E+001 -0.704968851791863E+003
  0.100000000000000E+001  0.140993446955654E+004 -0.114885173157872E+002  0.649583754440731E+002  0.320164902056763E+000 -0.706475902779180E+001 -0.704967234778270E+003
  0.100000000000000E+001  0.140993389481547E+004 -0.833987677414161E+000  0.710209507478797E+002  0.327077937407482E+000 -0.706475902779180E+001 -0.704966947407733E+003
  0.100000000000000E+001  0.140992838259392E+004 -0.175288992850363E+002  0.695304296632978E+002  0.342301050748438E+000 -0.706475902779180E+001 -0.704964191296960E+003
  0.100000000000000E+001  0.140992451847634E+004 -0.351851026251352E+001  0.640967133177247E+002  0.325256712884759E+000 -0.706475902779180E+001 -0.704962259238169E+003
  0.100000000000000E+001  0.140992099752582E+004 -0.986919607055349E+001  0.655109607450826E+002  0.318292589840029E+000 -0.706475902779180E+001 -0.704960498762910E+003
  0.100000000000000E+001  0.140991709020480E+004 -0.135927402556998E+001  0.644029466434434E+002  0.323222972911571E+000 -0.706475902779180E+001 -0.704958545102399E+003
  0.100000000000000E+001  0.140991002118921E+004 -0.888295967951269E+001  0.692269662418563E+002  0.315793772271958E+000 -0.706475902779180E+001 -0.704955010594607E+003
  0.100000000000000E+001  0.140990786657998E+004  0.548626171419226E+001  0.637872586697193E+002  0.328820283848059E+000 -0.706475902779180E+001 -0.704953933289990E+003
  0.100000000000000E+001  0.140989668929412E+004 -0.134703162624665E+002  0.657196656789365E+002  0.317921604085980E+000 -0.706475902779180E+001 -0.704948344647059E+003
  0.100000000000000E+001  0.140989204435454E+004 -0.194589558884667E+002  0.642245262577769E+002  0.324834736447559E+000 -0.706475902779180E+001 -0.704946022177268E+003
  0.100000000000000E+001  0.140988975795883E+004  0.119633962195998E+000  0.640275693273687E+002  0.326533993752711E+000 -0.706475902779180E+001 -0.704944878979413E+003
  0.100000000000000E+001  0.140988877953391E+004 -0.127231160014911E+001  0.638422866705795E+002  0.328624727325710E+000 -0.706475902779180E+001 -0.704944389766954E+003
  0.100000000000000E+001  0.140988262650335E+004  0.522206108245480E+001  0.636605205930195E+002  0.332956785142252E+000 -0.706475902779180E+001 -0.704941313251676E+003
  0.100000000000000E+001  0.140987931683949E+004 -0.169085296317667E+001  0.701005281845298E+002  0.338663424253664E+000 -0.706475902779180E+001 -0.704939658419747E+003
  0.100000000000000E+001  0.140987802594974E+004  0.111419044243713E+002  0.668709125646000E+002  0.315764335362462E+000 -0.706475902779180E+001 -0.704939012974868E+003
  0.100000000000000E+001  0.140987311837477E+004  0.184119393248469E+002  0.636722425097462E+002  0.333889432835973E+000 -0.706475902779180E+001 -0.704936559187385E+003
  0.100000000000000E+001  0.140987120461861E+004 -0.190161845938437E+001  0.701526108199942E+002  0.319090776767605E+000 -0.706475902779180E+001 -0.704935602309307E+003
  0.100000000000000E+001  0.140985935154941E+004 -0.137239344674103E+002  0.649526906410622E+002  0.321101547010607E+000 -0.706475902779180E+001 -0.704929675774704E+003
  0.100000000000000E+001  0.140985066654240E+004 -0.136305335521797E+002  0.704452431241466E+002  0.321191420081404E+000 -0.706475902779180E+001 -0.704925333271199E+003
  0.100000000000000E+001  0.140984187198053E+004 -0.982298768436590E+001  0.640174799106965E+002  0.327737342690846E+000 -0.706475902779180E+001 -0.704920935990266E+003
  0.100000000000000E+001  0.140982630179731E+004  0.168564090530545E+002  0.706890419453859E+002  0.331733752273006E+000 -0.706475902779180E+001 -0.704913150898656E+003
  0.100000000000000E+001  0.140982498880726E+004  0.174145476295733E+002  0.637841436436063E+002  0.334924372427059E+000 -0.706475902779180E+001 -0.704912494403631E+003
  0.100000000000000E+001  0.140982239387191E+004  0.146701186162621E+002  0.703163098636352E+002  0.320856654264250E+000 -0.706475902779180E+001 -0.704911196935954E+003
  0.100000000000000E+001  0.140980984820564E+004  0.176220585321616E+002  0.648566816539218E+002  0.344258895407342E+000 -0.706475902779180E+001 -0.704904924102821E+003
  0.100000000000000E+001  0.140980458233428E+004  0.152780332127080E+002  0.696889116257635E+002  0.318210479726193E+000 -0.706475902779180E+001 -0.704902291167139E+003
  0.100000000000000E+001  0.140980321335197E+004  0.172423585634038E+002  0.701700684824730E+002  0.336902167179136E+000 -0.706475902779180E+001 -0.704901606675985E+003
  0.100000000000000E+001  0.140978777788785E+004  0.174885736063368E+002  0.693983948698504E+002  0.317588403720189E+000 -0.706475902779180E+001 -0.704893888943927E+003
  0.100000000000000E+001  0.140978307296192E+004  0.145394168302967E+002  0.684547529299460E+002  0.316175234291605E+000 -0.706475902779180E+001 -0.704891536480961E+003
  0.100000000000000E+001  0.140977882273361E+004  0.939556600338527E+000  0.642388437698407E+002  0.340416141698456E+000 -0.706475902779180E+001 -0.704889411366803E+003
  0.100000000000000E+001  0.140977188122125E+004 -0.840334681721115E+001  0.682191263217235E+002  0.316158532189427E+000 -0.706475902779180E+001 -0.704885940610627E+003
  0.100000000000000E+001  0.140976420137274E+004  0.469761626403176E+001  0.705579921646997E+002  0.331566077903096E+000 -0.706475902779180E+001 -0.704882100686368E+003
  0.100000000000000E+001  0.140976295983594E+004  0.332782751219509E+001  0.643374854662001E+002  0.326388108245349E+000 -0.706475902779180E+001 -0.704881479917968E+003
  0.100000000000000E+001  0.140976116074431E+004  0.163520249813007E+002  0.670877465199083E+002  0.316651828625934E+000 -0.706475902779180E+001 -0.704880580372154E+003
  0.100000000000000E+001  0.140975792851345E+004  0.763835446548818E+001  0.656438950505252E+002  0.319672660805895E+000 -0.706475902779180E+001 -0.704878964256727E+003
  0.100000000000000E+001  0.140975708208570E+004  0.580316629720226E+001  0.685117746022132E+002  0.343869477690599E+000 -0.706475902779180E+001 -0.704878541042852E+003
  0.100000000000000E+001  0.140974748510462E+004  0.113869016208818E+002  0.695093112389904E+002  0.340062306875397E+000 -0.706475902779180E+001 -0.704873742552308E+003
  0.100000000000000E+001  0.140974706877415E+004 -0.129640972639729E+002  0.640788711362113E+002  0.329821205515593E+000 -0.706475902779180E+001 -0.704873534387075E+003
  0.100000000000000E+001  0.140973816386964E+004 -0.927447509991896E+001  0.644927853874074E+002  0.325617358184534E+000 -0.706475902779180E+001 -0.704869081934819E+003
  0.100000000000000E+001  0.140973298920662E+004  0.193843041114965E+002  0.705553523960648E+002  0.326740161015858E+000 -0.706475902779180E+001 -0.704866494603310E+003
  0.100000000000000E+001  0.140972812367897E+004  0.490512691215210E+001  0.704204999869662E+002  0.324197817413713E+000 -0.706475902779180E+001 -0.704864061839484E+003
  0.100000000000000E+001  0.140972536711693E+004  0.121830935038684E+002  0.659992301337881E+002  0.345667091199853E+000 -0.706475902779180E+001 -0.704862683558463E+003
  0.100000000000000E+001  0.140971994173237E+004  0.144003701206130E+002  0.641044456480216E+002  0.330519933851587E+000 -0.706475902779180E+001 -0.704859970866186E+003
  0.100000000000000E+001  0.140971923551687E+004  0.104716823121219E+002  0.704688386223948E+002  0.325348551497541E+000 -0.706475902779180E+001 -0.704859617758437E+003
  0.100000000000000E+001  0.140971660124803E+004  0.140499680860926E+002  0.665334866336646E+002  0.345888305134779E+000 -0.706475902779180E+001 -0.704858300624013E+003
  0.100000000000000E+001  0.140971173113799E+004 -0.839319862577351E+001  0.703095020267933E+002  0.333485620739460E+000 -0.706475902779180E+001 -0.704855865568994E+003
  0.100000000000000E+001  0.140970581732615E+004 -0.967322551082369E+001  0.704685729790890E+002  0.326132313175421E+000 -0.706475902779180E+001 -0.704852908663075E+003
  0.100000000000000E+001  0.140970487194345E+004 -0.347641416594470E+001  0.643033630669833E+002  0.328136141271884E+000 -0.706475902779180E+001 -0.704852435971727E+003
  0.100000000000000E+001  0.140970373568322E+004 -0.963036465782797E+001  0.704266796597049E+002  0.331349841706328E+000 -0.706475902779180E+001 -0.704851867841611E+003
  0.100000000000000E+001  0.140969295613844E+004  0.108611897934519E+002  0.646581556168045E+002  0.341454767943691E+000 -0.706475902779180E+001 -0.704846478069220E+003
  0.100000000000000E+001  0.140968065385863E+004 -0.430024032820063E+001  0.702012336008544E+002  0.323236849506756E+000 -0.706475902779180E+001 -0.704840326929316E+003
  0.100000000000000E+001  0.140967674370606E+004 -0.193265235880164E+002  0.703112235544380E+002  0.332261031176113E+000 -0.706475902779180E+001 -0.704838371853031E+003
  0.100000000000000E+001  0.140964992266382E+004  0.297050885958431E+001  0.702639722605356E+002  0.331935922659622E+000 -0.706475902779180E+001 -0.704824961331910E+003
  0.100000000000000E+001  0.140964960670664E+004  0.655684219529830E+001  0.696554927768550E+002  0.337707000564652E+000 -0.706475902779180E+001 -0.704824803353320E+003
  0.100000000000000E+001  0.140964523555169E+004 -0.146175197709865E+002  0.665946806342083E+002  0.318593063146105E+000 -0.706475902779180E+001 -0.704822617775843E+003
  0.100000000000000E+001  0.140964234647332E+004  0.102302661851976E+002  0.698876814243363E+002  0.321790138222527E+000 -0.706475902779180E+001 -0.704821173236661E+003
  0.100000000000000E+001  0.140963904775839E+004  0.457597806046974E+001  0.693658280568337E+002  0.319556354608392E+000 -0.706475902779180E+001 -0.704819523879196E+003
  0.100000000000000E+001  0.140963874758704E+004  0.780571057319776E+000  0.682608388540467E+002  0.317654299239902E+000 -0.706475902779180E+001 -0.704819373793520E+003
  0.100000000000000E+001  0.140962075980918E+004 -0.172655468654466E+002  0.702898312500212E+002  0.328072609347023E+000 -0.706475902779180E+001 -0.704810379904591E+003
  0.100000000000000E+001  0.140962006563740E+004  0.182455829192983E+002  0.646121259490417E+002  0.327201774610762E+000 -0.706475902779180E+001 -0.704810032818698E+003
  0.100000000000000E+001  0.140961067940007E+004 -0.362716030409300E+001  0.687948578927155E+002  0.318604149046610E+000 -0.706475902779180E+001 -0.704805339700033E+003
  0.100000000000000E+001  0.140961020778083E+004  0.106715268051935E+002  0.672445252783420E+002  0.344435686963660E+000 -0.706475902779180E+001 -0.704805103890413E+003
  0.100000000000000E+001  0.140960901780036E+004 -0.782636512314291E+000  0.643252208783077E+002  0.331901300699235E+000 -0.706475902779180E+001 -0.704804508900182E+003
  0.100000000000000E+001  0.140960868357841E+004 -0.183249888939263E+002  0.694109568182202E+002  0.338433353843466E+000 -0.706475902779180E+001 -0.704804341789203E+003
  0.100000000000000E+001  0.140959564570312E+004 -0.998438864616513E+001  0.691224132467555E+002  0.339655481325614E+000 -0.706475902779180E+001 -0.704797822851562E+003
  0.100000000000000E+001  0.140959511259215E+004 -0.191842494945930E+002  0.643425949234819E+002  0.334295086701075E+000 -0.706475902779180E+001 -0.704797556296076E+003
  0.100000000000000E+001  0.140958781690963E+004  0.414019943522316E+000  0.661143902447683E+002  0.344077271628996E+000 -0.706475902779180E+001 -0.704793908454816E+003
  0.100000000000000E+001  0.140958538384953E+004  0.604980406902271E+001  0.698579538169125E+002  0.334843181614443E+000 -0.706475902779180E+001 -0.704792691924765E+003
  0.100000000000000E+001  0.140958055868056E+004  0.148454676553354E+002  0.686725347699189E+002  0.341190231202995E+000 -0.706475902779180E+001 -0.704790279340278E+003
  0.100000000000000E+001  0.140957960306996E+004 -0.171179128114399E+002  0.647874497715847E+002  0.326650744352613E+000 -0.706475902779180E+001 -0.704789801534981E+003
  0.100000000000000E+001  0.140957648219748E+004 -0.131707497766738E+001  0.666830162448981E+002  0.344250830426161E+000 -0.706475902779180E+001 -0.704788241098738E+003
  0.100000000000000E+001  0.140957068868781E+004  0.911132687676633E+001  0.675997078835351E+002  0.343559879075019E+000 -0.706475902779180E+001 -0.704785344343905E+003
  0.100000000000000E+001  0.140956193994091E+004 -0.124534580881479E+002  0.644395384197749E+002  0.334631872318019E+000 -0.706475902779180E+001 -0.704780969970457E+003
  0.100000000000000E+001  0.140956148062263E+004 -0.159307804756246E-001  0.699069511554542E+002  0.333669945890537E+000 -0.706475902779180E+001 -0.704780740311317E+003
  0.100000000000000E+001  0.140956130147786E+004 -0.783691633652288E+001  0.647519319206915E+002  0.339110676534719E+000 -0.706475902779180E+001 -0.704780650738932E+003
  0.100000000000000E+001  0.140956121883269E+004  0.516985086265917E+001  0.644785573988044E+002  0.335792328850106E+000 -0.706475902779180E+001 -0.704780609416343E+003
  0.100000000000000E+001  0.140955889547392E+004  0.862836953218089E+001  0.645741673045206E+002  0.329503662440756E+000 -0.706475902779180E+001 -0.704779447736961E+003
  0.100000000000000E+001  0.140955703065008E+004 -0.559844011818531E+001  0.693966811108663E+002  0.337604023063365E+000 -0.706475902779180E+001 -0.704778515325041E+003
  0.100000000000000E+001  0.140954243756994E+004 -0.144099432015607E+002  0.674902263995444E+002  0.343351401255503E+000 -0.706475902779180E+001 -0.704771218784972E+003
  0.100000000000000E+001  0.140953534796083E+004  0.654473741522732E+001  0.668173034398868E+002  0.319528600308390E+000 -0.706475902779180E+001 -0.704767673980413E+003
  0.100000000000000E+001  0.140952657156313E+004  0.142385100249773E+002  0.685484178093964E+002  0.340838484921756E+000 -0.706475902779180E+001 -0.704763285781563E+003
  0.100000000000000E+001  0.140952328002564E+004  0.187959819540272E+002  0.695502453758907E+002  0.335905389127185E+000 -0.706475902779180E+001 -0.704761640012819E+003
  0.100000000000000E+001  0.140951682327454E+004  0.839334145500406E+000  0.689222715511371E+002  0.320211850732897E+000 -0.706475902779180E+001 -0.704758411637269E+003
  0.100000000000000E+001  0.140951416262325E+004 -0.181088081273410E+002  0.687356759420510E+002  0.319852847672554E+000 -0.706475902779180E+001 -0.704757081311623E+003
  0.100000000000000E+001  0.140951314385799E+004 -0.190686165934247E+002  0.648086710703412E+002  0.328222322203493E+000 -0.706475902779180E+001 -0.704756571928997E+003
  0.100000000000000E+001  0.140950982876277E+004  0.556031722954072E+001  0.650917938702649E+002  0.325940025185754E+000 -0.706475902779180E+001 -0.704754914381386E+003
  0.100000000000000E+001  0.140950665561734E+004  0.192590027345808E+002  0.696823224827870E+002  0.323678345649474E+000 -0.706475902779180E+001 -0.704753327808671E+003
  0.100000000000000E+001  0.140950543334128E+004  0.645394113763533E+001  0.682016540364420E+002  0.341538262910314E+000 -0.706475902779180E+001 -0.704752716670642E+003
  0.100000000000000E+001  0.140949589156778E+004 -0.929285066198172E+001  0.663854251627101E+002  0.343071582832001E+000 -0.706475902779180E+001 -0.704747945783888E+003
  0.100000000000000E+001  0.140949248300172E+004 -0.592460501042333E+001  0.667082669708534E+002  0.320259726170079E+000 -0.706475902779180E+001 -0.704746241500858E+003
  0.100000000000000E+001  0.140948566569250E+004 -0.115391067981027E+002  0.648804880695664E+002  0.337970582983876E+000 -0.706475902779180E+001 -0.704742832846250E+003
  0.100000000000000E+001  0.140948374666991E+004  0.490916431380147E+001  0.651738753724785E+002  0.339902673554972E+000 -0.706475902779180E+001 -0.704741873334953E+003
  0.100000000000000E+001  0.140947999341726E+004  0.361878965495567E+000  0.684733944362412E+002  0.319931126870062E+000 -0.706475902779180E+001 -0.704739996708631E+003
  0.100000000000000E+001  0.140947595007176E+004  0.158759889358079E+002  0.654452211582644E+002  0.324523260305146E+000 -0.706475902779180E+001 -0.704737975035878E+003
  0.100000000000000E+001  0.140947488864113E+004 -0.177480948757422E+002  0.698016163734382E+002  0.326125288909911E+000 -0.706475902779180E+001 -0.704737444320565E+003
  0.100000000000000E+001  0.140947410689503E+004 -0.154532410016934E+000  0.647063636054781E+002  0.331670428239255E+000 -0.706475902779180E+001 -0.704737053447517E+003
  0.100000000000000E+001  0.140947232833965E+004 -0.180143087016166E+002  0.647869635802796E+002  0.336392227114266E+000 -0.706475902779180E+001 -0.704736164169824E+003
  0.100000000000000E+001  0.140946660923516E+004 -0.191643658780631E+002  0.667431283038089E+002  0.342802820205635E+000 -0.706475902779180E+001 -0.704733304617581E+003
  0.100000000000000E+001  0.140945758719478E+004 -0.503626335407922E+000  0.697189289655153E+002  0.325763768965372E+000 -0.706475902779180E+001 -0.704728793597392E+003
  0.100000000000000E+001  0.140945748229293E+004  0.127562872695344E+002  0.664589465028120E+002  0.342570892726992E+000 -0.706475902779180E+001 -0.704728741146465E+003
  0.100000000000000E+001  0.140945385333631E+004 -0.145591379901219E+002  0.651034305821675E+002  0.327191743711432E+000 -0.706475902779180E+001 -0.704726926668156E+003
  0.100000000000000E+001  0.140945217446275E+004 -0.205988183987181E+001  0.682235953352294E+002  0.320055142085452E+000 -0.706475902779180E+001 -0.704726087231375E+003
  0.100000000000000E+001  0.140944639560037E+004 -0.884594668397658E+001  0.650223582397638E+002  0.328128603761516E+000 -0.706475902779180E+001 -0.704723197800185E+003
  0.100000000000000E+001  0.140942921429423E+004  0.807118503107018E+001  0.680298175643593E+002  0.320250120478493E+000 -0.706475902779180E+001 -0.704714607147117E+003
  0.100000000000000E+001  0.140942672583536E+004 -0.589001433550387E+001  0.676467487617628E+002  0.320217275910964E+000 -0.706475902779180E+001 -0.704713362917678E+003
  0.100000000000000E+001  0.140942474757700E+004  0.479909150976275E+001  0.659510451182063E+002  0.323225612213681E+000 -0.706475902779180E+001 -0.704712373788499E+003
  0.100000000000000E+001  0.140941915478106E+004 -0.127078366199633E+000  0.658510895730462E+002  0.323702363848295E+000 -0.706475902779180E+001 -0.704709577390532E+003
  0.100000000000000E+001  0.140941659707488E+004 -0.456763266524775E+001  0.686557884238595E+002  0.321250939602240E+000 -0.706475902779180E+001 -0.704708298537440E+003
  0.100000000000000E+001  0.140941269762565E+004 -0.664142746244856E+001  0.664140438143125E+002  0.322011208184713E+000 -0.706475902779180E+001 -0.704706348812825E+003
  0.100000000000000E+001  0.140940731425393E+004 -0.178145427015105E+002  0.678223686853214E+002  0.320496242288687E+000 -0.706475902779180E+001 -0.704703657126967E+003
  0.100000000000000E+001  0.140940640360130E+004 -0.639001506731541E+001  0.695933308551230E+002  0.326580695145242E+000 -0.706475902779180E+001 -0.704703201800649E+003
  0.100000000000000E+001  0.140940107426032E+004  0.551543537035604E+001  0.656731646024587E+002  0.324821393014627E+000 -0.706475902779180E+001 -0.704700537130160E+003
  0.100000000000000E+001  0.140938622104241E+004  0.183974915173665E+002  0.694289555421771E+002  0.325466803812748E+000 -0.706475902779180E+001 -0.704693110521206E+003
  0.100000000000000E+001  0.140938265948964E+004 -0.144495846329876E+002  0.688128315046406E+002  0.337379128329002E+000 -0.706475902779180E+001 -0.704691329744821E+003
  0.100000000000000E+001  0.140938082670130E+004 -0.587071693872708E+001  0.687163830783803E+002  0.322042638585332E+000 -0.706475902779180E+001 -0.704690413350648E+003
  0.100000000000000E+001  0.140937953985901E+004  0.254009350263986E+001  0.670513467875936E+002  0.341470850847195E+000 -0.706475902779180E+001 -0.704689769929504E+003
  0.100000000000000E+001  0.140937229856488E+004  0.394658909707594E+000  0.694971471035619E+002  0.327093821189243E+000 -0.706475902779180E+001 -0.704686149282442E+003
  0.100000000000000E+001  0.140936848737364E+004 -0.132909465354098E+002  0.656306971317367E+002  0.339378266301536E+000 -0.706475902779180E+001 -0.704684243686819E+003
  0.100000000000000E+001  0.140936431431355E+004  0.948562075846146E+001  0.662040975270947E+002  0.323393874284217E+000 -0.706475902779180E+001 -0.704682157156775E+003
  0.100000000000000E+001  0.140936233988030E+004  0.386217471530914E+001  0.653592571718588E+002  0.327690422268045E+000 -0.706475902779180E+001 -0.704681169940149E+003
  0.100000000000000E+001  0.140936197012575E+004 -0.131500267110129E+002  0.650931173451107E+002  0.334992301353242E+000 -0.706475902779180E+001 -0.704680985062874E+003
  0.100000000000000E+001  0.140936144308819E+004 -0.117265278787003E+002  0.652760164317211E+002  0.337186530761830E+000 -0.706475902779180E+001 -0.704680721544095E+003
  0.100000000000000E+001  0.140936021240344E+004  0.142688107411776E+002  0.694398126568070E+002  0.331577215318391E+000 -0.706475902779180E+001 -0.704680106201720E+003
  0.100000000000000E+001  0.140934648360451E+004  0.963430715994514E+001  0.672497405422618E+002  0.321615736824547E+000 -0.706475902779180E+001 -0.704673241802256E+003
  0.100000000000000E+001  0.140933957098253E+004 -0.213967580870531E+001  0.658981473619526E+002  0.339648864219832E+000 -0.706475902779180E+001 -0.704669785491265E+003
  0.100000000000000E+001  0.140933708965288E+004  0.740840238426492E+001  0.672005955206350E+002  0.340708864654501E+000 -0.706475902779180E+001 -0.704668544826441E+003
  0.100000000000000E+001  0.140933671425709E+004  0.977621098518814E+001  0.694170770601284E+002  0.329755827802675E+000 -0.706475902779180E+001 -0.704668357128544E+003
  0.100000000000000E+001  0.140933102734733E+004  0.424061366140681E+001  0.658732346193771E+002  0.339388771699101E+000 -0.706475902779180E+001 -0.704665513673663E+003
  0.100000000000000E+001  0.140931663313797E+004 -0.770630458092310E+001  0.692990561672510E+002  0.331253784216299E+000 -0.706475902779180E+001 -0.704658316568985E+003
  0.100000000000000E+001  0.140931373237244E+004  0.160465449635604E+002  0.660473639576288E+002  0.339498520470977E+000 -0.706475902779180E+001 -0.704656866186220E+003
  0.100000000000000E+001  0.140930992363032E+004  0.108612751629599E+002  0.654445424347448E+002  0.336658175009381E+000 -0.706475902779180E+001 -0.704654961815161E+003
  0.100000000000000E+001  0.140930917676871E+004  0.841528933509131E+001  0.676951291144598E+002  0.339612945049529E+000 -0.706475902779180E+001 -0.704654588384353E+003
  0.100000000000000E+001  0.140930600684327E+004 -0.484790070581845E+000  0.664059857952390E+002  0.323833714630043E+000 -0.706475902779180E+001 -0.704653003421636E+003
  0.100000000000000E+001  0.140930156675456E+004 -0.166803071115879E+002  0.666267206649564E+002  0.340131704867496E+000 -0.706475902779180E+001 -0.704650783377282E+003
  0.100000000000000E+001  0.140929799436975E+004  0.187603643047426E+002  0.671045369334346E+002  0.322566182308469E+000 -0.706475902779180E+001 -0.704648997184876E+003
  0.100000000000000E+001  0.140928779373169E+004  0.189666604523572E+002  0.692160917032634E+002  0.328351088181637E+000 -0.706475902779180E+001 -0.704643896865844E+003
  0.100000000000000E+001  0.140928343287761E+004 -0.183838321157360E+001  0.686303326732247E+002  0.336062194576908E+000 -0.706475902779180E+001 -0.704641716438805E+003
  0.100000000000000E+001  0.140928312070953E+004 -0.110876979674175E+002  0.691740527460435E+002  0.331154952333045E+000 -0.706475902779180E+001 -0.704641560354764E+003
  0.100000000000000E+001  0.140927969605408E+004 -0.104043969850728E+002  0.653899132873393E+002  0.331156000974439E+000 -0.706475902779180E+001 -0.704639848027042E+003
  0.100000000000000E+001  0.140927482453163E+004  0.124571729569806E+002  0.690994322658605E+002  0.327157333577004E+000 -0.706475902779180E+001 -0.704637412265814E+003
  0.100000000000000E+001  0.140925874223451E+004  0.104352523166048E+001  0.688126892807589E+002  0.325405782071975E+000 -0.706475902779180E+001 -0.704629371117255E+003
  0.100000000000000E+001  0.140924604901203E+004  0.822113576114404E+000  0.685986358993233E+002  0.335222391282726E+000 -0.706475902779180E+001 -0.704623024506016E+003
  0.100000000000000E+001  0.140923655591651E+004 -0.188354468176507E+002  0.663702950266625E+002  0.338472484526578E+000 -0.706475902779180E+001 -0.704618277958257E+003
  0.100000000000000E+001  0.140923078162295E+004 -0.400580281891542E+001  0.688552293529285E+002  0.326880651028977E+000 -0.706475902779180E+001 -0.704615390811476E+003
  0.100000000000000E+001  0.140922602456760E+004 -0.102029327764110E+002  0.658957078481587E+002  0.336593763742486E+000 -0.706475902779180E+001 -0.704613012283798E+003
  0.100000000000000E+001  0.140921879805773E+004  0.562397677389980E+001  0.675608108591831E+002  0.323750350413707E+000 -0.706475902779180E+001 -0.704609399028864E+003
  0.100000000000000E+001  0.140921856661064E+004 -0.413697581790033E+001  0.683246849457288E+002  0.335855538593122E+000 -0.706475902779180E+001 -0.704609283305322E+003
  0.100000000000000E+001  0.140921575312334E+004  0.937254592749688E+001  0.688999928520510E+002  0.328740624149419E+000 -0.706475902779180E+001 -0.704607876561670E+003
  0.100000000000000E+001  0.140921534903515E+004 -0.180159526629182E+002  0.688872669246748E+002  0.328453707916603E+000 -0.706475902779180E+001 -0.704607674517574E+003
  0.100000000000000E+001  0.140921142017197E+004  0.301797576942270E+001  0.676027648483296E+002  0.337863182284710E+000 -0.706475902779180E+001 -0.704605710085986E+003
  0.100000000000000E+001  0.140920161523020E+004  0.111622507758895E+002  0.663633851482238E+002  0.337567190040125E+000 -0.706475902779180E+001 -0.704600807615100E+003
  0.100000000000000E+001  0.140919671829687E+004  0.189094889705685E+002  0.672359291190593E+002  0.324394526803798E+000 -0.706475902779180E+001 -0.704598359148433E+003
  0.100000000000000E+001  0.140918816981244E+004 -0.108295772533882E+002  0.687066269780572E+002  0.331869703535785E+000 -0.706475902779180E+001 -0.704594084906222E+003
  0.100000000000000E+001  0.140918630720898E+004 -0.756569259029071E+001  0.664693080123415E+002  0.326310308475224E+000 -0.706475902779180E+001 -0.704593153604490E+003
  0.100000000000000E+001  0.140918266522945E+004 -0.111484967559867E+002  0.680283447722359E+002  0.324942780034057E+000 -0.706475902779180E+001 -0.704591332614723E+003
  0.100000000000000E+001  0.140918051311846E+004  0.111652646051379E+002  0.682614037705047E+002  0.325560574762483E+000 -0.706475902779180E+001 -0.704590256559232E+003
  0.100000000000000E+001  0.140917758357149E+004  0.945031464707397E+001  0.685558782198069E+002  0.327091645423729E+000 -0.706475902779180E+001 -0.704588791785747E+003
  0.100000000000000E+001  0.140917692293045E+004  0.114409142444419E+002  0.660797816726465E+002  0.328624882164302E+000 -0.706475902779180E+001 -0.704588461465225E+003
  0.100000000000000E+001  0.140917284441006E+004  0.107917910090234E+002  0.673880373033839E+002  0.337289523582078E+000 -0.706475902779180E+001 -0.704586422205029E+003
  0.100000000000000E+001  0.140916482083470E+004  0.876884936496458E+001  0.686133686113481E+002  0.331311102511200E+000 -0.706475902779180E+001 -0.704582410417352E+003
  0.100000000000000E+001  0.140916322239387E+004  0.136204217050771E+002  0.668620295114095E+002  0.325783102454298E+000 -0.706475902779180E+001 -0.704581611196936E+003
  0.100000000000000E+001  0.140915274250211E+004  0.192957727903953E+002  0.664733453274683E+002  0.336347298993265E+000 -0.706475902779180E+001 -0.704576371251056E+003
  0.100000000000000E+001  0.140914836992310E+004  0.137356512838230E+002  0.664145653894179E+002  0.327738282289565E+000 -0.706475902779180E+001 -0.704574184961548E+003
  0.100000000000000E+001  0.140914603294603E+004  0.141957364986163E+002  0.666423484422874E+002  0.336492165752312E+000 -0.706475902779180E+001 -0.704573016473017E+003
  0.100000000000000E+001  0.140913890204970E+004  0.176903415838769E+002  0.661113984169587E+002  0.333609794853989E+000 -0.706475902779180E+001 -0.704569451024848E+003
  0.100000000000000E+001  0.140910412067658E+004  0.979314324007478E+001  0.665429037856018E+002  0.329021095434250E+000 -0.706475902779180E+001 -0.704552060338292E+003
  0.100000000000000E+001  0.140910123091000E+004  0.166059416522092E+002  0.673166870214126E+002  0.326982869293396E+000 -0.706475902779180E+001 -0.704550615455000E+003
  0.100000000000000E+001  0.140909692300776E+004  0.783385475024868E+001  0.679992104281966E+002  0.332870263032741E+000 -0.706475902779180E+001 -0.704548461503879E+003
  0.100000000000000E+001  0.140909049166057E+004  0.169467928341498E+002  0.666713965664701E+002  0.329068808265349E+000 -0.706475902779180E+001 -0.704545245830286E+003
  0.100000000000000E+001  0.140917019376376E+004  0.232289185042481E+001  0.680893990154939E+002  0.325420772046186E+000 -0.706475902779180E+001 -0.704585096881879E+003
  0.100000000000000E+001  0.140916920788756E+004 -0.372670477120528E+001  0.659913200831295E+002  0.329818899602805E+000 -0.706475902779180E+001 -0.704584603943778E+003
  0.100000000000000E+001  0.140913024734882E+004 -0.103024400621626E+002  0.684130356322957E+002  0.331061299682241E+000 -0.706475902779180E+001 -0.704565123674411E+003
  0.100000000000000E+001  0.140912881427982E+004 -0.732865115394959E+001  0.673547926665113E+002  0.336123079964965E+000 -0.706475902779180E+001 -0.704564407139911E+003
  0.100000000000000E+001  0.140912573230530E+004 -0.840349877531571E+001  0.670887582598788E+002  0.326419860714554E+000 -0.706475902779180E+001 -0.704562866152649E+003
  0.100000000000000E+001  0.140912241939309E+004 -0.158765675493116E+002  0.668778591835614E+002  0.336018668694052E+000 -0.706475902779180E+001 -0.704561209696545E+003
  0.100000000000000E+001  0.140911122995992E+004 -0.655709467414246E+001  0.673186291617188E+002  0.326627881975780E+000 -0.706475902779180E+001 -0.704555614979962E+003
  0.100000000000000E+001  0.140911110804720E+004 -0.280045937352048E+001  0.664635100773241E+002  0.334527724829010E+000 -0.706475902779180E+001 -0.704555554023601E+003
  0.100000000000000E+001  0.140911009214151E+004 -0.964596283937684E+000  0.675156762739669E+002  0.335258752058228E+000 -0.706475902779180E+001 -0.704555046070756E+003
  0.100000000000000E+001  0.140906396764440E+004  0.782164076244267E+001  0.676667978406548E+002  0.329161480716368E+000 -0.706475902779180E+001 -0.704531983822200E+003
  0.100000000000000E+001  0.140906326649662E+004  0.819671837091062E+001  0.670491292156087E+002  0.329223826054751E+000 -0.706475902779180E+001 -0.704531633248310E+003
  0.100000000000000E+001  0.140906878355749E+004 -0.174991109884336E+002  0.669811768169332E+002  0.333723754510122E+000 -0.706475902779180E+001 -0.704534391778745E+003
  0.100000000000000E+001  0.140906108745391E+004 -0.141568510463695E+002  0.676023578871905E+002  0.332496067948477E+000 -0.706475902779180E+001 -0.704530543726956E+003
  0.100000000000000E+001  0.140908884044892E+004  0.213886348169187E+001  0.671077617407654E+002  0.327718199327899E+000 -0.706475902779180E+001 -0.704544420224461E+003
  0.100000000000000E+001  0.140905314131265E+004  0.281256156108851E+001  0.674145850122628E+002  0.329615532185025E+000 -0.706475902779180E+001 -0.704526570656324E+003
  0.100000000000000E+001  0.140905259568833E+004  0.251654525835794E+001  0.669769397431636E+002  0.330735801588005E+000 -0.706475902779180E+001 -0.704526297844165E+003
  0.100000000000000E+001  0.140905498947865E+004  0.174011969260520E+002  0.669051211409707E+002  0.331925973584780E+000 -0.706475902779180E+001 -0.704527494739323E+003
  0.100000000000000E+001  0.140905462515740E+004  0.185256837805008E+002  0.670371500439158E+002  0.332636751580639E+000 -0.706475902779180E+001 -0.704527312578700E+003
