  0.152221273117359E+002  0.670152650876921E+002  0.328999076933562E+000  0.670078676933914E+000 -0.867419694022590E+001 -0.964229034027093E+002 -0.964229034027093E+002
  0.190646575251420E+002  0.666326453861519E+002  0.325999214418524E+000  0.687676728655466E+000 -0.867419694022590E+001 -0.964260830912867E+002 -0.964260830912867E+002
  0.169853954208364E+002  0.679493541089116E+002  0.319785167240222E+000  0.681792105772211E+000 -0.867419694022590E+001 -0.964258793185835E+002 -0.964258793185835E+002
  0.148303355436581E+002  0.677943298987318E+002  0.317363339544833E+000  0.685153377650354E+000 -0.867419694022590E+001 -0.964237414189807E+002 -0.964237414189807E+002
  0.165897992324222E+002  0.675398930211215E+002  0.326587673658136E+000  0.681599835219542E+000 -0.867419694022590E+001 -0.964251288726095E+002 -0.964251288726095E+002
  0.158934460445710E+002  0.666476725905305E+002  0.325485810255763E+000  0.686864129496102E+000 -0.867419694022590E+001 -0.964272797236176E+002 -0.964272797236176E+002
  0.186783679439212E+002  0.676305206925155E+002  0.319474162963854E+000  0.677201647325674E+000 -0.867419694022590E+001 -0.964195333523623E+002 -0.964195333523623E+002
  0.159508447923499E+002  0.666455501809367E+002  0.334223941523875E+000  0.680072271663618E+000 -0.867419694022590E+001 -0.964238213258425E+002 -0.964238213258425E+002
  0.186173802388193E+002  0.674763486623511E+002  0.324627191181501E+000  0.682748106199695E+000 -0.867419694022590E+001 -0.964137032832142E+002 -0.964137032832142E+002
  0.169101503867312E+002  0.672647626065717E+002  0.320508521537937E+000  0.678301108514188E+000 -0.867419694022590E+001 -0.964207861440880E+002 -0.964207861440880E+002
  0.150304124315330E+002  0.676529867858513E+002  0.318178469123084E+000  0.682564323168558E+000 -0.867419694022590E+001 -0.964210114259771E+002 -0.964210114259771E+002
  0.193901841581815E+002  0.668102192816930E+002  0.325384636324310E+000  0.676016716282680E+000 -0.867419694022590E+001 -0.964197067662564E+002 -0.964197067662564E+002
  0.161429928722562E+002  0.663868453930367E+002  0.331343838306206E+000  0.691303278378229E+000 -0.867419694022590E+001 -0.964262168526935E+002 -0.964262168526935E+002
  0.159739240969592E+002  0.678668575984408E+002  0.319069370238809E+000  0.691842352761624E+000 -0.867419694022590E+001 -0.964261212779158E+002 -0.964261212779158E+002
  0.188301022570631E+002  0.675013377193237E+002  0.322349691990385E+000  0.694044863509556E+000 -0.867419694022590E+001 -0.964194375667408E+002 -0.964194375667408E+002
  0.171761639479697E+002  0.665471089490543E+002  0.332978650202447E+000  0.681087161110720E+000 -0.867419694022590E+001 -0.964179498043216E+002 -0.964179498043216E+002
  0.163914167812295E+002  0.667285838497224E+002  0.332048388282866E+000  0.695041502432576E+000 -0.867419694022590E+001 -0.964254467148577E+002 -0.964254467148577E+002
  0.145658569688665E+002  0.664298928420265E+002  0.333028954650772E+000  0.691543554154033E+000 -0.867419694022590E+001 -0.964246732003139E+002 -0.964246732003139E+002
  0.140557383486287E+002  0.665864718644149E+002  0.331121049163342E+000  0.683493218623469E+000 -0.867419694022590E+001 -0.964146716070353E+002 -0.964146716070353E+002
  0.178267239039619E+002  0.671571373648528E+002  0.321580487034326E+000  0.685011605552028E+000 -0.867419694022590E+001 -0.964183239492349E+002 -0.964183239492349E+002
  0.140065713432700E+002  0.670962431626556E+002  0.326434231545750E+000  0.682897038461796E+000 -0.867419694022590E+001 -0.964083046460141E+002 -0.964083046460141E+002
  0.158156325427961E+002  0.679007948405997E+002  0.320295396631336E+000  0.680412073153725E+000 -0.867419694022590E+001 -0.964246475423393E+002 -0.964246475423393E+002
  0.143533266069753E+002  0.675092020498802E+002  0.325657320937173E+000  0.684712863314617E+000 -0.867419694022590E+001 -0.964185969109003E+002 -0.964185969109003E+002
  0.174924092316079E+002  0.671186220039240E+002  0.321971151794956E+000  0.687361898275371E+000 -0.867419694022590E+001 -0.964190252311110E+002 -0.964190252311110E+002
  0.172121408364289E+002  0.672057712987481E+002  0.323785580142103E+000  0.669724400450545E+000 -0.867419694022590E+001 -0.964216391443977E+002 -0.964216391443977E+002
  0.169620160068237E+002  0.672497948654294E+002  0.326415111253329E+000  0.669511564059047E+000 -0.867419694022590E+001 -0.964233133504167E+002 -0.964233133504167E+002
  0.176626577028834E+002  0.676677524304607E+002  0.321077628971618E+000  0.682889785097181E+000 -0.867419694022590E+001 -0.964155807273434E+002 -0.964155807273434E+002
  0.188008458529594E+002  0.665711707240251E+002  0.327183834574500E+000  0.679570902724423E+000 -0.867419694022590E+001 -0.964233245577204E+002 -0.964233245577204E+002
  0.169318026768106E+002  0.670242143334053E+002  0.329382172773242E+000  0.680986429144688E+000 -0.867419694022590E+001 -0.964130111202307E+002 -0.964130111202307E+002
  0.152129105141431E+002  0.674933654437727E+002  0.324052317911998E+000  0.674110918780391E+000 -0.867419694022590E+001 -0.964188837537985E+002 -0.964188837537985E+002
  0.191114791081228E+002  0.672155808632656E+002  0.321596601189784E+000  0.678574564810549E+000 -0.867419694022590E+001 -0.964171586535025E+002 -0.964171586535025E+002
  0.163691528044652E+002  0.672860504975887E+002  0.324807495699480E+000  0.675508459542074E+000 -0.867419694022590E+001 -0.964129869298748E+002 -0.964129869298748E+002
  0.186490311486559E+002  0.671484638218692E+002  0.323039908645250E+000  0.696119505123982E+000 -0.867419694022590E+001 -0.964236694132617E+002 -0.964236694132617E+002
  0.161405916321322E+002  0.679208721485589E+002  0.320165750953829E+000  0.677978152624908E+000 -0.867419694022590E+001 -0.964269848773926E+002 -0.964269848773926E+002
  0.194005172429693E+002  0.672046008986760E+002  0.328377875863551E+000  0.672471882960413E+000 -0.867419694022590E+001 -0.964230023520096E+002 -0.964230023520096E+002
  0.170622168228298E+002  0.675253933941324E+002  0.325764065887994E+000  0.680384109254339E+000 -0.867419694022590E+001 -0.964205284068880E+002 -0.964205284068880E+002
  0.142966941605530E+002  0.676138072020936E+002  0.323941502241724E+000  0.685844083437654E+000 -0.867419694022590E+001 -0.964182555273457E+002 -0.964182555273457E+002
  0.165890499628399E+002  0.670867960419055E+002  0.326493278798997E+000  0.675175688616017E+000 -0.867419694022590E+001 -0.964123771613098E+002 -0.964123771613098E+002
  0.146502965919529E+002  0.664488210386953E+002  0.331199677909430E+000  0.681316751009428E+000 -0.867419694022590E+001 -0.964186342030212E+002 -0.964186342030212E+002
