  0.127029140916171E+002  0.675159162434799E+002  0.320084410612214E+000  0.694512160023091E+000 -0.867419694022590E+001 -0.964236755075606E+002 -0.964236755075606E+002
  0.122850845898956E+002  0.672206197718494E+002  0.323202988236997E+000  0.690189278827340E+000 -0.867419694022590E+001 -0.964139095773872E+002 -0.964139095773872E+002
  0.125862948908244E+002  0.665664562914933E+002  0.334032210916571E+000  0.687828628761638E+000 -0.867419694022590E+001 -0.964226999539524E+002 -0.964226999539524E+002
  0.124542796858145E+002  0.675955093544894E+002  0.318595312251306E+000  0.691656102766086E+000 -0.867419694022590E+001 -0.964243450871285E+002 -0.964243450871285E+002
  0.120254105510171E+002  0.666029404824204E+002  0.326398242466718E+000  0.679025272435210E+000 -0.867419694022590E+001 -0.964251562714916E+002 -0.964251562714916E+002
  0.135344844181283E+002  0.672593650580896E+002  0.322553224551888E+000  0.698560433173817E+000 -0.867419694022590E+001 -0.964270290320234E+002 -0.964270290320234E+002
  0.118410896629036E+002  0.676673686974682E+002  0.320351907415658E+000  0.681668049339077E+000 -0.867419694022590E+001 -0.964160788107811E+002 -0.964160788107811E+002
  0.116993608967621E+002  0.663511724806233E+002  0.334698931340872E+000  0.688260527231738E+000 -0.867419694022590E+001 -0.964256854750291E+002 -0.964256854750291E+002
  0.117292091134060E+002  0.669126060587779E+002  0.327021655760397E+000  0.690080078822260E+000 -0.867419694022590E+001 -0.964129324346215E+002 -0.964129324346215E+002
  0.127096371091788E+002  0.676463016935627E+002  0.324990447248335E+000  0.682365557891502E+000 -0.867419694022590E+001 -0.964239839241842E+002 -0.964239839241842E+002
  0.127051320510080E+002  0.670570092328460E+002  0.329730984207651E+000  0.673864885768081E+000 -0.867419694022590E+001 -0.964208780804865E+002 -0.964208780804865E+002
  0.129467928179166E+002  0.667353364051904E+002  0.327532728428280E+000  0.690493257173980E+000 -0.867419694022590E+001 -0.964174474160153E+002 -0.964174474160153E+002
  0.131043587123272E+002  0.672188200927553E+002  0.324007490136260E+000  0.691181454115289E+000 -0.867419694022590E+001 -0.964135326110694E+002 -0.964135326110694E+002
  0.120245354012474E+002  0.678262764361330E+002  0.320359768465632E+000  0.689271619786567E+000 -0.867419694022590E+001 -0.964226708622935E+002 -0.964226708622935E+002
  0.114338225035455E+002  0.669415861843844E+002  0.332481611758369E+000  0.684303353338766E+000 -0.867419694022590E+001 -0.964242589743962E+002 -0.964242589743962E+002
  0.126052061845603E+002  0.665749579972956E+002  0.330534820373951E+000  0.691193575821736E+000 -0.867419694022590E+001 -0.964197185643495E+002 -0.964197185643495E+002
