 -0.106664326615532E+002  0.666036146566468E+002  0.333285856751518E+000  0.689839498934950E+000 -0.867419694022590E+001 -0.964219554481793E+002 -0.964219554481793E+002
 -0.710007900901835E+001  0.668369886103525E+002  0.330506227266921E+000  0.677634117272527E+000 -0.867419694022590E+001 -0.964144692268740E+002 -0.964144692268740E+002
 -0.143459379900704E+002  0.666402661493835E+002  0.327044424162544E+000  0.679710903404258E+000 -0.867419694022590E+001 -0.964197126434262E+002 -0.964197126434262E+002
 -0.169810053901630E+002  0.675197782484772E+002  0.326505359256100E+000  0.690050976092737E+000 -0.867419694022590E+001 -0.964257476943326E+002 -0.964257476943326E+002
 -0.115702989940374E+002  0.672918084492614E+002  0.324402499643920E+000  0.688598779901265E+000 -0.867419694022590E+001 -0.964110421435667E+002 -0.964110421435667E+002
 -0.115572262670995E+002  0.669327755585846E+002  0.323651436115088E+000  0.691399448546950E+000 -0.867419694022590E+001 -0.964230967145927E+002 -0.964230967145927E+002
 -0.461222146818899E+001  0.670477411392936E+002  0.322189777734440E+000  0.683429443090569E+000 -0.867419694022590E+001 -0.964198981538597E+002 -0.964198981538597E+002
 -0.424249181755496E+001  0.670499537525971E+002  0.327580399429252E+000  0.675065560800738E+000 -0.867419694022590E+001 -0.964132433642744E+002 -0.964132433642744E+002
 -0.836941802978764E+001  0.670124420033243E+002  0.323524086024916E+000  0.686498081269602E+000 -0.867419694022590E+001 -0.964160626962086E+002 -0.964160626962086E+002
 -0.163290297586551E+002  0.665920322839101E+002  0.331552082633792E+000  0.688273799381102E+000 -0.867419694022590E+001 -0.964169963209707E+002 -0.964169963209707E+002
 -0.156453149803293E+002  0.665844697458775E+002  0.329357946631985E+000  0.682803452586767E+000 -0.867419694022590E+001 -0.964155934927803E+002 -0.964155934927803E+002
 -0.583253996096292E+001  0.673471359348277E+002  0.320888064273224E+000  0.695947263901296E+000 -0.867419694022590E+001 -0.964257784221024E+002 -0.964257784221024E+002
 -0.724819932361770E+001  0.668245683026473E+002  0.331095128454065E+000  0.680999023023569E+000 -0.867419694022590E+001 -0.964143719463125E+002 -0.964143719463125E+002
 -0.143336647275429E+002  0.673582559172067E+002  0.320944880155417E+000  0.695819103745195E+000 -0.867419694022590E+001 -0.964251276347423E+002 -0.964251276347423E+002
 -0.119234491000328E+002  0.672666957697260E+002  0.322779475486908E+000  0.682718592788833E+000 -0.867419694022590E+001 -0.964108358750943E+002 -0.964108358750943E+002
 -0.121021870154355E+002  0.667572390227479E+002  0.331150384011423E+000  0.678860966572434E+000 -0.867419694022590E+001 -0.964146138492811E+002 -0.964146138492811E+002
 -0.140893473422133E+002  0.673224583415501E+002  0.320380211735980E+000  0.680750479778547E+000 -0.867419694022590E+001 -0.964182858523189E+002 -0.964182858523189E+002
 -0.426929099323141E+001  0.673774341470356E+002  0.319339988548092E+000  0.691157556147614E+000 -0.867419694022590E+001 -0.964254674689256E+002 -0.964254674689256E+002
 -0.174393962415014E+002  0.667875002264290E+002  0.327030915991042E+000  0.690038291084785E+000 -0.867419694022590E+001 -0.964161958744264E+002 -0.964161958744264E+002
 -0.157147647022594E+002  0.665156398318566E+002  0.334528091682744E+000  0.683106523441785E+000 -0.867419694022590E+001 -0.964225203007587E+002 -0.964225203007587E+002
 -0.139472480041123E+002  0.668992201385381E+002  0.322718607320182E+000  0.679416930419345E+000 -0.867419694022590E+001 -0.964261328491260E+002 -0.964261328491260E+002
 -0.193409286203210E+002  0.670261589572357E+002  0.331099457998428E+000  0.676920343395259E+000 -0.867419694022590E+001 -0.964229501220453E+002 -0.964229501220453E+002
 -0.180075155563112E+002  0.667227612972224E+002  0.333273508753991E+000  0.674246079631131E+000 -0.867419694022590E+001 -0.964258280820707E+002 -0.964258280820707E+002
 -0.448211771570964E+001  0.669442737068520E+002  0.324638093358663E+000  0.672277108885828E+000 -0.867419694022590E+001 -0.964211545831251E+002 -0.964211545831251E+002
 -0.125463157896433E+002  0.669942036128932E+002  0.331816447800079E+000  0.687452018433604E+000 -0.867419694022590E+001 -0.964238464837874E+002 -0.964238464837874E+002
 -0.100684591792484E+002  0.668664220087869E+002  0.328321185630639E+000  0.684487791749553E+000 -0.867419694022590E+001 -0.964097806440198E+002 -0.964097806440198E+002
 -0.166285011768208E+002  0.670672379433302E+002  0.331146946174258E+000  0.682429387944546E+000 -0.867419694022590E+001 -0.964224876542517E+002 -0.964224876542517E+002
 -0.119253742548844E+002  0.667482216866038E+002  0.329409607694716E+000  0.681568807681318E+000 -0.867419694022590E+001 -0.964113022275195E+002 -0.964113022275195E+002
 -0.138869443442905E+002  0.671577231143928E+002  0.321307054654399E+000  0.686904804027263E+000 -0.867419694022590E+001 -0.964204331388423E+002 -0.964204331388423E+002
 -0.123871222871919E+002  0.665900311613415E+002  0.330949518365289E+000  0.696800493849909E+000 -0.867419694022590E+001 -0.964275449084683E+002 -0.964275449084683E+002
 -0.175230077902698E+002  0.676593990864472E+002  0.318353205144290E+000  0.684397952969062E+000 -0.867419694022590E+001 -0.964203316686505E+002 -0.964203316686505E+002
 -0.187723774903098E+002  0.667463054909000E+002  0.330377031410651E+000  0.674821478931832E+000 -0.867419694022590E+001 -0.964163096853231E+002 -0.964163096853231E+002
 -0.368719010276694E+001  0.669295116392065E+002  0.329404370379403E+000  0.670567731352899E+000 -0.867419694022590E+001 -0.964215025565891E+002 -0.964215025565891E+002
 -0.749735758801348E+001  0.670125948930866E+002  0.329041889788854E+000  0.675896890951924E+000 -0.867419694022590E+001 -0.964148774642829E+002 -0.964148774642829E+002
 -0.984023921157794E+001  0.673269599989498E+002  0.319124506922192E+000  0.677025981672097E+000 -0.867419694022590E+001 -0.964271567888368E+002 -0.964271567888368E+002
 -0.101992556508886E+002  0.674012922880035E+002  0.325913675907098E+000  0.690523095548896E+000 -0.867419694022590E+001 -0.964176293578594E+002 -0.964176293578594E+002
 -0.373801549102527E+001  0.670066895032557E+002  0.329045237095272E+000  0.698045548365116E+000 -0.867419694022590E+001 -0.964259153541782E+002 -0.964259153541782E+002
 -0.117326108422658E+002  0.672571550985920E+002  0.322986006391553E+000  0.673218647584391E+000 -0.867419694022590E+001 -0.964170510278425E+002 -0.964170510278425E+002
 -0.834942200149978E+001  0.671509391277611E+002  0.324897314719850E+000  0.672679894971044E+000 -0.867419694022590E+001 -0.964157641949806E+002 -0.964157641949806E+002
 -0.133320695086502E+002  0.671343237727333E+002  0.331041568451558E+000  0.679556743685733E+000 -0.867419694022590E+001 -0.964265541153096E+002 -0.964265541153096E+002
 -0.163582846519515E+002  0.672918341254084E+002  0.322052995817138E+000  0.670057943558658E+000 -0.867419694022590E+001 -0.964239603572896E+002 -0.964239603572896E+002
 -0.704802323793229E+001  0.677345263254053E+002  0.320958377780176E+000  0.681468327887659E+000 -0.867419694022590E+001 -0.964178343639227E+002 -0.964178343639227E+002
 -0.883433207480085E+001  0.670525046129592E+002  0.327016765461204E+000  0.691405536346433E+000 -0.867419694022590E+001 -0.964132098872866E+002 -0.964132098872866E+002
 -0.590655613213273E+001  0.664185914080349E+002  0.328894386752957E+000  0.682191887085702E+000 -0.867419694022590E+001 -0.964256994146279E+002 -0.964256994146279E+002
 -0.120878190199479E+002  0.669699192448180E+002  0.327620496810490E+000  0.686864325011321E+000 -0.867419694022590E+001 -0.964098364933086E+002 -0.964098364933086E+002
 -0.180524445118250E+002  0.670636599261508E+002  0.321697737040474E+000  0.685711011382607E+000 -0.867419694022590E+001 -0.964223226631899E+002 -0.964223226631899E+002
 -0.936007425220770E+001  0.669043312315748E+002  0.324187824555624E+000  0.694075457410667E+000 -0.867419694022590E+001 -0.964255217054565E+002 -0.964255217054565E+002
 -0.720849467804682E+001  0.664698401591276E+002  0.330543125412475E+000  0.681944085546245E+000 -0.867419694022590E+001 -0.964184630903722E+002 -0.964184630903722E+002
 -0.773436257451479E+001  0.673080914992601E+002  0.326993738305447E+000  0.695323848031509E+000 -0.867419694022590E+001 -0.964233957483521E+002 -0.964233957483521E+002
 -0.360161802427493E+001  0.669210171970515E+002  0.325535761295591E+000  0.679568582790683E+000 -0.867419694022590E+001 -0.964124127297271E+002 -0.964124127297271E+002
 -0.112139629884848E+002  0.675158256788124E+002  0.324848437521004E+000  0.688446854440742E+000 -0.867419694022590E+001 -0.964176067416775E+002 -0.964176067416775E+002
 -0.184752468201725E+002  0.676308560039073E+002  0.324203110260312E+000  0.686556615947782E+000 -0.867419694022590E+001 -0.964202521348989E+002 -0.964202521348989E+002
 -0.113012529729505E+002  0.675642635369235E+002  0.319139235896527E+000  0.679820391275312E+000 -0.867419694022590E+001 -0.964189966424125E+002 -0.964189966424125E+002
 -0.903238563024543E+001  0.677635505749842E+002  0.323642564665589E+000  0.688537465069311E+000 -0.867419694022590E+001 -0.964271781969473E+002 -0.964271781969473E+002
 -0.868736530572060E+001  0.666215349244421E+002  0.328637172782870E+000  0.696185577466720E+000 -0.867419694022590E+001 -0.964275444583668E+002 -0.964275444583668E+002
 -0.188830858666502E+002  0.679180992705986E+002  0.320911083885535E+000  0.681996354319954E+000 -0.867419694022590E+001 -0.964263704986567E+002 -0.964263704986567E+002
 -0.679760523978188E+001  0.668587773535853E+002  0.326443291024193E+000  0.698369607021058E+000 -0.867419694022590E+001 -0.964273971961082E+002 -0.964273971961082E+002
 -0.927423438704704E+001  0.673732678203856E+002  0.327522028409168E+000  0.690731188079655E+000 -0.867419694022590E+001 -0.964227617296661E+002 -0.964227617296661E+002
 -0.128915678506919E+002  0.670257865033262E+002  0.321636089249244E+000  0.680398717267310E+000 -0.867419694022590E+001 -0.964247386909367E+002 -0.964247386909367E+002
 -0.630584747102797E+001  0.667470460583018E+002  0.326521250620319E+000  0.673072274986365E+000 -0.867419694022590E+001 -0.964217957897417E+002 -0.964217957897417E+002
 -0.169580158097899E+002  0.675159329774085E+002  0.324121423933359E+000  0.697784079371414E+000 -0.867419694022590E+001 -0.964274189564318E+002 -0.964274189564318E+002
 -0.647368766508806E+001  0.672504422679969E+002  0.321532494172440E+000  0.689924746690994E+000 -0.867419694022590E+001 -0.964181576242337E+002 -0.964181576242337E+002
 -0.124274495127327E+002  0.671250154836735E+002  0.328189284703178E+000  0.669581586357056E+000 -0.867419694022590E+001 -0.964243050448918E+002 -0.964243050448918E+002
 -0.137823817193412E+002  0.675402823226404E+002  0.324317623795630E+000  0.683023682953277E+000 -0.867419694022590E+001 -0.964155269075581E+002 -0.964155269075581E+002
 -0.128535722173285E+002  0.675351380822682E+002  0.325838563152526E+000  0.677025055454790E+000 -0.867419694022590E+001 -0.964236697599138E+002 -0.964236697599138E+002
 -0.148075715857975E+002  0.677559927613394E+002  0.321256865440955E+000  0.692414996642328E+000 -0.867419694022590E+001 -0.964237522820523E+002 -0.964237522820523E+002
 -0.164001874485352E+002  0.672137134898008E+002  0.324018411909609E+000  0.669975149203773E+000 -0.867419694022590E+001 -0.964207939548706E+002 -0.964207939548706E+002
 -0.456919048681134E+001  0.665849662816544E+002  0.331889373182166E+000  0.688568842260750E+000 -0.867419694022590E+001 -0.964177279587971E+002 -0.964177279587971E+002
 -0.844907268045581E+001  0.670406907685796E+002  0.325363107486866E+000  0.670824092389581E+000 -0.867419694022590E+001 -0.964191341854516E+002 -0.964191341854516E+002
 -0.968726473954555E+001  0.673510272925772E+002  0.322606364932373E+000  0.670223559397668E+000 -0.867419694022590E+001 -0.964219786569892E+002 -0.964219786569892E+002
 -0.826210822250189E+001  0.664728487885507E+002  0.331818762332336E+000  0.681864477857952E+000 -0.867419694022590E+001 -0.964175628940648E+002 -0.964175628940648E+002
 -0.775575934180163E+001  0.672524421189473E+002  0.326342268488847E+000  0.698982772999986E+000 -0.867419694022590E+001 -0.964265426817581E+002 -0.964265426817581E+002
 -0.149537652972239E+002  0.666127553160268E+002  0.334128789180091E+000  0.685395767347094E+000 -0.867419694022590E+001 -0.964225027173493E+002 -0.964225027173493E+002
 -0.134389131229593E+002  0.665448087535009E+002  0.332687170831429E+000  0.681408382043923E+000 -0.867419694022590E+001 -0.964172663588969E+002 -0.964172663588969E+002
 -0.102252180462156E+002  0.666547178413466E+002  0.331029754828956E+000  0.693844330296120E+000 -0.867419694022590E+001 -0.964216767334429E+002 -0.964216767334429E+002
 -0.616836774215407E+001  0.673423436193157E+002  0.320614980875419E+000  0.677543769424943E+000 -0.867419694022590E+001 -0.964184324469863E+002 -0.964184324469863E+002
 -0.153862255777450E+002  0.668869031042593E+002  0.328535739232633E+000  0.673044134918033E+000 -0.867419694022590E+001 -0.964160358122941E+002 -0.964160358122941E+002
 -0.115903394996446E+002  0.671604392719026E+002  0.330530591764688E+000  0.683282318507903E+000 -0.867419694022590E+001 -0.964238045742857E+002 -0.964238045742857E+002
 -0.109030724687050E+002  0.670753201165563E+002  0.328979235778655E+000  0.670392012755052E+000 -0.867419694022590E+001 -0.964239079325825E+002 -0.964239079325825E+002
 -0.149224144927760E+002  0.669714607904897E+002  0.329059330671323E+000  0.671085002332701E+000 -0.867419694022590E+001 -0.964204509837443E+002 -0.964204509837443E+002
 -0.166212322785975E+002  0.672817962932971E+002  0.326278249502306E+000  0.692494308573104E+000 -0.867419694022590E+001 -0.964167175192870E+002 -0.964167175192870E+002
 -0.185161195060242E+002  0.664130865861021E+002  0.329988635032068E+000  0.676882210163472E+000 -0.867419694022590E+001 -0.964244305383742E+002 -0.964244305383742E+002
 -0.126711545543521E+002  0.672400576637503E+002  0.322809002922684E+000  0.682110765995547E+000 -0.867419694022590E+001 -0.964111834806452E+002 -0.964111834806452E+002
 -0.138992284484231E+002  0.671878882108118E+002  0.321150957274171E+000  0.678056745401624E+000 -0.867419694022590E+001 -0.964206184346108E+002 -0.964206184346108E+002
 -0.150958903984362E+002  0.668049205587844E+002  0.332240050125937E+000  0.682902617950697E+000 -0.867419694022590E+001 -0.964179802218601E+002 -0.964179802218601E+002
 -0.102456904499658E+002  0.676093173839619E+002  0.318553923948832E+000  0.693636406409500E+000 -0.867419694022590E+001 -0.964267096699500E+002 -0.964267096699500E+002
