  0.422673030052152E+000  0.665171041874810E+002  0.327598853484506E+000  0.685322978483166E+000 -0.867419694022590E+001 -0.964250401794845E+002 -0.964250401794845E+002
  0.197195839616413E+001  0.673305177191475E+002  0.325510115805980E+000  0.671376912781600E+000 -0.867419694022590E+001 -0.964203970227920E+002 -0.964203970227920E+002
  0.462323338700287E+000  0.663631974078660E+002  0.332921585597436E+000  0.681492616100162E+000 -0.867419694022590E+001 -0.964211188154610E+002 -0.964211188154610E+002
 -0.286114451576075E+001  0.667513056183695E+002  0.331283967063018E+000  0.685172748292648E+000 -0.867419694022590E+001 -0.964142176566490E+002 -0.964142176566490E+002
 -0.859711644477045E+000  0.663213649090165E+002  0.332315314715449E+000  0.680561836330978E+000 -0.867419694022590E+001 -0.964230755718184E+002 -0.964230755718184E+002
 -0.157299559116896E+001  0.667679096628297E+002  0.331521732166652E+000  0.696176291056891E+000 -0.867419694022590E+001 -0.964261038986011E+002 -0.964261038986011E+002
  0.490738336494350E+001  0.672681945469893E+002  0.324747125007280E+000  0.677308498410689E+000 -0.867419694022590E+001 -0.964110987139549E+002 -0.964110987139549E+002
 -0.152589574309911E+001  0.675534185327241E+002  0.320770608708124E+000  0.679980541250027E+000 -0.867419694022590E+001 -0.964146647768693E+002 -0.964146647768693E+002
  0.625824839538886E+001  0.671838165363619E+002  0.321008859881563E+000  0.689694487443209E+000 -0.867419694022590E+001 -0.964227941666825E+002 -0.964227941666825E+002
 -0.773600633405124E+000  0.667704461363501E+002  0.326686478951470E+000  0.673806615624220E+000 -0.867419694022590E+001 -0.964193672730668E+002 -0.964193672730668E+002
  0.354018927148960E+001  0.670904307178979E+002  0.321372569778729E+000  0.679620205046864E+000 -0.867419694022590E+001 -0.964230600940899E+002 -0.964230600940899E+002
 -0.679390700479221E+000  0.666102376134243E+002  0.328037239070023E+000  0.686555822979251E+000 -0.867419694022590E+001 -0.964185278955848E+002 -0.964185278955848E+002
  0.877458671870358E+001  0.675483348317180E+002  0.325432060735190E+000  0.679203019462559E+000 -0.867419694022590E+001 -0.964210373970768E+002 -0.964210373970768E+002
  0.235243480037451E+001  0.669229296086030E+002  0.324483195007940E+000  0.693964146414468E+000 -0.867419694022590E+001 -0.964232796566083E+002 -0.964232796566083E+002
 -0.358440856015115E+000  0.679259045587375E+002  0.320133919372083E+000  0.681402977473027E+000 -0.867419694022590E+001 -0.964253127810562E+002 -0.964253127810562E+002
  0.751048079710115E+001  0.667256946350040E+002  0.331857500153958E+000  0.683672748618091E+000 -0.867419694022590E+001 -0.964152752769342E+002 -0.964152752769342E+002
  0.109497262849389E+002  0.664636078838357E+002  0.334275980442085E+000  0.673840534733932E+000 -0.867419694022590E+001 -0.964268998125278E+002 -0.964268998125278E+002
  0.926488571169767E+001  0.677654298562545E+002  0.321032729151346E+000  0.679993847228638E+000 -0.867419694022590E+001 -0.964196178692764E+002 -0.964196178692764E+002
  0.566803299181372E+001  0.674822991676473E+002  0.325494780555239E+000  0.690351486825325E+000 -0.867419694022590E+001 -0.964196347330676E+002 -0.964196347330676E+002
  0.881892098331499E+001  0.674763102678082E+002  0.323637934774435E+000  0.683955455985258E+000 -0.867419694022590E+001 -0.964119639806211E+002 -0.964119639806211E+002
 -0.135762628354478E+001  0.667428637977349E+002  0.331373650525216E+000  0.686368680100471E+000 -0.867419694022590E+001 -0.964148587554886E+002 -0.964148587554886E+002
  0.651727952494731E+001  0.673387863073877E+002  0.321295358125666E+000  0.678308235806106E+000 -0.867419694022590E+001 -0.964154119069807E+002 -0.964154119069807E+002
  0.768128497804728E+001  0.675191593983137E+002  0.318482021196112E+000  0.676748521504674E+000 -0.867419694022590E+001 -0.964246611590439E+002 -0.964246611590439E+002
  0.109344605335257E+002  0.669739028314738E+002  0.328448210397253E+000  0.683613348415697E+000 -0.867419694022590E+001 -0.964096644981884E+002 -0.964096644981884E+002
  0.856473142024770E+001  0.664290782440517E+002  0.334761160758932E+000  0.685005351810218E+000 -0.867419694022590E+001 -0.964234339038801E+002 -0.964234339038801E+002
  0.356198075313835E+001  0.668012580171890E+002  0.332437828515511E+000  0.690619243039373E+000 -0.867419694022590E+001 -0.964224968068985E+002 -0.964224968068985E+002
  0.421833090533737E+001  0.673502849194424E+002  0.326370454260054E+000  0.670537793437876E+000 -0.867419694022590E+001 -0.964248394993284E+002 -0.964248394993284E+002
  0.174958580677115E+001  0.669121279417018E+002  0.326757900013887E+000  0.696706677595622E+000 -0.867419694022590E+001 -0.964222978638778E+002 -0.964222978638778E+002
 -0.137325035220080E+001  0.668611571206041E+002  0.325633767545388E+000  0.696978601548862E+000 -0.867419694022590E+001 -0.964268036387671E+002 -0.964268036387671E+002
 -0.274125725152059E+001  0.678357536207800E+002  0.322629954523830E+000  0.681074173335498E+000 -0.867419694022590E+001 -0.964269330518327E+002 -0.964269330518327E+002
  0.987510919697886E+001  0.671538094860383E+002  0.329602081399200E+000  0.687098516627362E+000 -0.867419694022590E+001 -0.964192351711298E+002 -0.964192351711298E+002
 -0.227312287243063E+001  0.677653019049390E+002  0.318401364619482E+000  0.678160503049099E+000 -0.867419694022590E+001 -0.964223891287563E+002 -0.964223891287563E+002
  0.746449402564241E+001  0.670294412281654E+002  0.327033726970002E+000  0.683783190472223E+000 -0.867419694022590E+001 -0.964084952788316E+002 -0.964084952788316E+002
 -0.713504440622195E+000  0.666110218182878E+002  0.328067836773878E+000  0.686281930330479E+000 -0.867419694022590E+001 -0.964182585279056E+002 -0.964182585279056E+002
 -0.129738751412111E+001  0.677571426377924E+002  0.323370246458281E+000  0.685327864991353E+000 -0.867419694022590E+001 -0.964243006468994E+002 -0.964243006468994E+002
  0.341016635878120E+001  0.665912132382127E+002  0.327759719121848E+000  0.690084405247586E+000 -0.867419694022590E+001 -0.964231112133125E+002 -0.964231112133125E+002
  0.965044255544438E+001  0.672781946187194E+002  0.320892619104357E+000  0.677991525951801E+000 -0.867419694022590E+001 -0.964186775886427E+002 -0.964186775886427E+002
  0.138656913149065E+001  0.668605851949250E+002  0.325104951485627E+000  0.678587969003285E+000 -0.867419694022590E+001 -0.964165660432259E+002 -0.964165660432259E+002
  0.420252429075798E+001  0.677064645596433E+002  0.319066798450222E+000  0.681410681844363E+000 -0.867419694022590E+001 -0.964186442527874E+002 -0.964186442527874E+002
  0.876402716074796E+000  0.677548040816110E+002  0.322789866501726E+000  0.682908090984937E+000 -0.867419694022590E+001 -0.964219734973537E+002 -0.964219734973537E+002
  0.607854704456747E+001  0.665730926457686E+002  0.332090453387657E+000  0.670245455108565E+000 -0.867419694022590E+001 -0.964264333361707E+002 -0.964264333361707E+002
  0.597200508499096E+001  0.673944669179562E+002  0.323739134607688E+000  0.678166328410728E+000 -0.867419694022590E+001 -0.964119101604144E+002 -0.964119101604144E+002
  0.994957972515977E+001  0.675021558979958E+002  0.324232421289808E+000  0.682098338319056E+000 -0.867419694022590E+001 -0.964138628815401E+002 -0.964138628815401E+002
  0.102326129073465E+002  0.678156900063698E+002  0.321444590337518E+000  0.685788837278324E+000 -0.867419694022590E+001 -0.964220021496240E+002 -0.964220021496240E+002
  0.530414097379773E+001  0.667166184508247E+002  0.330805618627085E+000  0.690689054243702E+000 -0.867419694022590E+001 -0.964169584283467E+002 -0.964169584283467E+002
  0.842416881227052E+001  0.679333883520438E+002  0.319297537096320E+000  0.683891691808077E+000 -0.867419694022590E+001 -0.964243191100714E+002 -0.964243191100714E+002
  0.625791810262273E+001  0.672254028966221E+002  0.322126273331187E+000  0.692821275320660E+000 -0.867419694022590E+001 -0.964197768658689E+002 -0.964197768658689E+002
  0.633535240124027E+001  0.672480263448374E+002  0.324498635013027E+000  0.687985702663853E+000 -0.867419694022590E+001 -0.964103544380679E+002 -0.964103544380679E+002
  0.100798976221245E+002  0.664251161576287E+002  0.328986098486585E+000  0.680532549537003E+000 -0.867419694022590E+001 -0.964251319423436E+002 -0.964251319423436E+002
  0.174392786559515E+001  0.670109962503376E+002  0.325968913216960E+000  0.678558616330685E+000 -0.867419694022590E+001 -0.964101176416995E+002 -0.964101176416995E+002
  0.665974806374602E+001  0.675646425402662E+002  0.320540639619451E+000  0.681170992945979E+000 -0.867419694022590E+001 -0.964146944665307E+002 -0.964146944665307E+002
  0.328662521571329E+001  0.673451127681535E+002  0.322037579523365E+000  0.687707990466157E+000 -0.867419694022590E+001 -0.964130892873535E+002 -0.964130892873535E+002
  0.534536228855509E+001  0.679149879544634E+002  0.317305617502531E+000  0.687308897008519E+000 -0.867419694022590E+001 -0.964259850059472E+002 -0.964259850059472E+002
  0.111652328734251E+001  0.672687565288551E+002  0.326563721400152E+000  0.698682046244655E+000 -0.867419694022590E+001 -0.964268058333364E+002 -0.964268058333364E+002
 -0.202336030282972E+001  0.677008336458424E+002  0.319637433922388E+000  0.682026438711421E+000 -0.867419694022590E+001 -0.964174095760153E+002 -0.964174095760153E+002
 -0.216834806448888E+001  0.675521694793882E+002  0.319215394182036E+000  0.680720461885444E+000 -0.867419694022590E+001 -0.964184672076619E+002 -0.964184672076619E+002
  0.812722891693276E+000  0.673483862784548E+002  0.323944160858649E+000  0.670302914922575E+000 -0.867419694022590E+001 -0.964209258796064E+002 -0.964209258796064E+002
  0.415214621856302E+001  0.676680363262197E+002  0.321781124544322E+000  0.681594479795224E+000 -0.867419694022590E+001 -0.964161334241802E+002 -0.964161334241802E+002
  0.720580231529827E+001  0.672191905652925E+002  0.328580936442961E+000  0.672322097162106E+000 -0.867419694022590E+001 -0.964247890991555E+002 -0.964247890991555E+002
