  0.129278836458306E+002  0.681328853901883E+002  0.328478162281494E+000 -0.706475902779180E+001 -0.705649619846946E+003 -0.705649619846946E+003 -0.705653549074884E+003
  0.112236123259588E+002  0.680571875009982E+002  0.329755502684039E+000 -0.706475902779180E+001 -0.705649382964145E+003 -0.705649382964145E+003 -0.705655547473375E+003
  0.828096063458250E+001  0.680954378070237E+002  0.328730494459347E+000 -0.706475902779180E+001 -0.705649268373933E+003 -0.705649268373933E+003 -0.705652793814632E+003
  0.960480287770988E+001  0.683839700040018E+002  0.329315711574191E+000 -0.706475902779180E+001 -0.705651123175813E+003 -0.705651123175813E+003 -0.705654534146096E+003
 -0.432226707329544E+000  0.682299075620712E+002  0.329132553854434E+000 -0.706475902779180E+001 -0.705649049043864E+003 -0.705649049043864E+003 -0.705688895614543E+003
  0.185998809055361E+002  0.679835591181808E+002  0.329749330484795E+000 -0.706475902779180E+001 -0.705649776798077E+003 -0.705649776798077E+003 -0.705723549875536E+003
  0.174574923259212E+002  0.680539015202590E+002  0.328270557399189E+000 -0.706475902779180E+001 -0.705650822774618E+003 -0.705650822774618E+003 -0.705704105592676E+003
  0.187941540685091E+002  0.680236301852189E+002  0.328660577203455E+000 -0.706475902779180E+001 -0.705649992820787E+003 -0.705649992820787E+003 -0.705652412380778E+003
  0.812459652917352E+001  0.681370906020753E+002  0.330065799433065E+000 -0.706475902779180E+001 -0.705650192452588E+003 -0.705650192452588E+003 -0.705655086679282E+003
  0.100496222008580E+002  0.680508107796716E+002  0.329085897263690E+000 -0.706475902779180E+001 -0.705649100432403E+003 -0.705649100432403E+003 -0.705652445097995E+003
  0.180998087765619E+002  0.681399156519494E+002  0.329014393461402E+000 -0.706475902779180E+001 -0.705648811681515E+003 -0.705648811681515E+003 -0.705653957501694E+003
  0.547895517449838E+000  0.680037386222164E+002  0.328740081569773E+000 -0.706475902779180E+001 -0.705650037992906E+003 -0.705650037992906E+003 -0.705666330307286E+003
  0.174706305591475E+002  0.679355545039671E+002  0.329107775061794E+000 -0.706475902779180E+001 -0.705650318511189E+003 -0.705650318511189E+003 -0.705657283576966E+003
  0.118724327070546E+002  0.680662499858036E+002  0.328145031760026E+000 -0.706475902779180E+001 -0.705651164485324E+003 -0.705651164485324E+003 -0.705679583629647E+003
  0.792638299639026E+001  0.683318371765859E+002  0.329749498706835E+000 -0.706475902779180E+001 -0.705651267040465E+003 -0.705651267040465E+003 -0.705652051946742E+003
  0.172522078724757E+002  0.679802473769126E+002  0.329288994566527E+000 -0.706475902779180E+001 -0.705649603672364E+003 -0.705649603672364E+003 -0.705699032347365E+003
  0.496237093612518E+001  0.683237250901335E+002  0.329139461350416E+000 -0.706475902779180E+001 -0.705649952763376E+003 -0.705649952763376E+003 -0.705652096981060E+003
  0.132375796102731E+002  0.681844427194582E+002  0.328151839823603E+000 -0.706475902779180E+001 -0.705650403608649E+003 -0.705650403608649E+003 -0.705761658393357E+003
  0.166376619828722E+002  0.680199004165397E+002  0.329255363350065E+000 -0.706475902779180E+001 -0.705649243230090E+003 -0.705649243230090E+003 -0.705652673350312E+003
  0.677459550553203E+001  0.678774890928947E+002  0.329061699108097E+000 -0.706475902779180E+001 -0.705651371190289E+003 -0.705651371190289E+003 -0.705664534606576E+003
  0.643884543984527E+001  0.682890332631833E+002  0.328209336877253E+000 -0.706475902779180E+001 -0.705650425477897E+003 -0.705650425477897E+003 -0.705652392482548E+003
  0.388837522271354E+001  0.682417368788587E+002  0.330050330827951E+000 -0.706475902779180E+001 -0.705650989696123E+003 -0.705650989696123E+003 -0.705655490897422E+003
 -0.262951723345395E+000  0.684270781548669E+002  0.328372478860876E+000 -0.706475902779180E+001 -0.705651627548314E+003 -0.705651627548314E+003 -0.705652330231891E+003
  0.979690130162262E+001  0.682269422801557E+002  0.328264421912824E+000 -0.706475902779180E+001 -0.705650054730648E+003 -0.705650054730648E+003 -0.705652673350312E+003
  0.160563602172030E+002  0.681607221965064E+002  0.328394808619859E+000 -0.706475902779180E+001 -0.705649739223178E+003 -0.705649739223178E+003 -0.705653157496448E+003
  0.350306117718791E+000  0.682104879891647E+002  0.330220995491964E+000 -0.706475902779180E+001 -0.705651299266700E+003 -0.705651299266700E+003 -0.705656279974101E+003
  0.579921841248761E+001  0.679762387251563E+002  0.329093735948142E+000 -0.706475902779180E+001 -0.705649790293208E+003 -0.705649790293208E+003 -0.705651764299595E+003
  0.179765310634886E+002  0.682151918445998E+002  0.329546753065246E+000 -0.706475902779180E+001 -0.705649383507026E+003 -0.705649383507026E+003 -0.705654273651405E+003
  0.339189970054805E+001  0.683477763140089E+002  0.327921009915522E+000 -0.706475902779180E+001 -0.705651684983464E+003 -0.705651684983464E+003 -0.705687191642485E+003
  0.125390497894801E+002  0.683556387471868E+002  0.328297616454824E+000 -0.706475902779180E+001 -0.705650777553287E+003 -0.705650777553287E+003 -0.705653698095842E+003
  0.152703172122970E+002  0.683030249642392E+002  0.329630518530585E+000 -0.706475902779180E+001 -0.705650496477245E+003 -0.705650496477245E+003 -0.705651879746662E+003
  0.174920331348221E+002  0.678922723164355E+002  0.329121128448105E+000 -0.706475902779180E+001 -0.705651006064403E+003 -0.705651006064403E+003 -0.705656173580577E+003
  0.177296338279288E+002  0.680368898090280E+002  0.328773438174273E+000 -0.706475902779180E+001 -0.705649619941232E+003 -0.705649619941232E+003 -0.705655967730774E+003
  0.151634219801644E+002  0.681007106671361E+002  0.328214844268936E+000 -0.706475902779180E+001 -0.705650592180606E+003 -0.705650592180606E+003 -0.705675670963166E+003
  0.128665853492146E+002  0.680883224698116E+002  0.328266023330138E+000 -0.706475902779180E+001 -0.705650513035064E+003 -0.705650513035064E+003 -0.705746198359264E+003
  0.112125262288830E+002  0.681357681677098E+002  0.329550912895037E+000 -0.706475902779180E+001 -0.705649031566737E+003 -0.705649031566737E+003 -0.705656130403777E+003
  0.188549298903208E+002  0.681495314714111E+002  0.329702208596077E+000 -0.706475902779180E+001 -0.705649315580814E+003 -0.705649315580814E+003 -0.705653077185983E+003
  0.160066018891237E+002  0.680638684703290E+002  0.328729199335442E+000 -0.706475902779180E+001 -0.705649475683756E+003 -0.705649475683756E+003 -0.705652445097995E+003
  0.465764137961919E+001  0.680535362725733E+002  0.329498255408899E+000 -0.706475902779180E+001 -0.705649088441980E+003 -0.705649088441980E+003 -0.705656173580577E+003
  0.101018117657708E+001  0.684159069093158E+002  0.328469736325003E+000 -0.706475902779180E+001 -0.705651334897095E+003 -0.705651334897095E+003 -0.705652667759558E+003
  0.471490073405295E+001  0.681496883801790E+002  0.329711800593550E+000 -0.706475902779180E+001 -0.705649334938076E+003 -0.705649334938076E+003 -0.705681072706153E+003
  0.184066171995129E+002  0.679588691032810E+002  0.328535240625081E+000 -0.706475902779180E+001 -0.705651206396934E+003 -0.705651206396934E+003 -0.705654155574763E+003
  0.179438169557704E+002  0.680045982589553E+002  0.330482138604756E+000 -0.706475902779180E+001 -0.705651560391782E+003 -0.705651560391782E+003 -0.705653119062645E+003
  0.940402283095333E+001  0.678424913779431E+002  0.329375767310263E+000 -0.706475902779180E+001 -0.705651670568803E+003 -0.705651670568803E+003 -0.705651761580526E+003
  0.818125008762978E+001  0.684128036467005E+002  0.328230023173404E+000 -0.706475902779180E+001 -0.705651632552840E+003 -0.705651632552840E+003 -0.705674565641801E+003
  0.127727307000129E+002  0.681698049517001E+002  0.329049501405344E+000 -0.706475902779180E+001 -0.705648810160511E+003 -0.705648810160511E+003 -0.705653827619505E+003
  0.614403225434700E+001  0.681285082489869E+002  0.329484425352995E+000 -0.706475902779180E+001 -0.705648942044579E+003 -0.705648942044579E+003 -0.705653430721042E+003
  0.676736830017304E+001  0.683499115418197E+002  0.328387229782167E+000 -0.706475902779180E+001 -0.705650555347014E+003 -0.705650555347014E+003 -0.705651884348072E+003
  0.696581512027352E+001  0.680559835759663E+002  0.328738910132522E+000 -0.706475902779180E+001 -0.705649519197464E+003 -0.705649519197464E+003 -0.705655508450870E+003
  0.102972544216397E+002  0.681154283049981E+002  0.329634498868262E+000 -0.706475902779180E+001 -0.705649127445931E+003 -0.705649127445931E+003 -0.705652543187747E+003
  0.696501993715169E+001  0.680891104156801E+002  0.330099921033696E+000 -0.706475902779180E+001 -0.705650162582848E+003 -0.705650162582848E+003 -0.705658667888462E+003
  0.906930502616871E+001  0.681369569185680E+002  0.328872014145516E+000 -0.706475902779180E+001 -0.705648925497826E+003 -0.705648925497826E+003 -0.705653739225889E+003
  0.108708411294447E+001  0.679660431270057E+002  0.329836906122138E+000 -0.706475902779180E+001 -0.705650045368586E+003 -0.705650045368586E+003 -0.705654358845812E+003
  0.906107356678824E+000  0.682855427680669E+002  0.329013356903005E+000 -0.706475902779180E+001 -0.705649453896850E+003 -0.705649453896850E+003 -0.705654550451888E+003
  0.144041172068439E+002  0.681126378989796E+002  0.330253353789800E+000 -0.706475902779180E+001 -0.705650733917694E+003 -0.705650733917694E+003 -0.705659847469894E+003
  0.284054914910126E+000  0.680453828981014E+002  0.328819022558450E+000 -0.706475902779180E+001 -0.705649462973652E+003 -0.705649462973652E+003 -0.705654795870534E+003
  0.115654636141597E+002  0.679203115479457E+002  0.329195814200932E+000 -0.706475902779180E+001 -0.705650450313877E+003 -0.705650450313877E+003 -0.705662748180967E+003
  0.170930900406110E+002  0.681853340323796E+002  0.328522449522297E+000 -0.706475902779180E+001 -0.705649414791821E+003 -0.705649414791821E+003 -0.705654972516465E+003
  0.832757410181432E+001  0.680542742860233E+002  0.329824909634908E+000 -0.706475902779180E+001 -0.705649513847486E+003 -0.705649513847486E+003 -0.705653019975655E+003
  0.241422002123397E+000  0.683247820188434E+002  0.329195433653241E+000 -0.706475902779180E+001 -0.705650020831995E+003 -0.705650020831995E+003 -0.705652977575245E+003
 -0.668367109656515E+000  0.679043012170116E+002  0.329828644828187E+000 -0.706475902779180E+001 -0.705650721112054E+003 -0.705650721112054E+003 -0.705665578995938E+003
  0.440586636628844E-001  0.681905881054651E+002  0.328559051142100E+000 -0.706475902779180E+001 -0.705649345187187E+003 -0.705649345187187E+003 -0.705652543187747E+003
  0.127609402242555E+002  0.678602256018817E+002  0.329984931167293E+000 -0.706475902779180E+001 -0.705651562190267E+003 -0.705651562190267E+003 -0.705653157496448E+003
 -0.522091143729789E+000  0.681275141821467E+002  0.329636941869229E+000 -0.706475902779180E+001 -0.705649144785272E+003 -0.705649144785272E+003 -0.705653277616729E+003
  0.119471616701992E+002  0.681568409134377E+002  0.329910817626301E+000 -0.706475902779180E+001 -0.705649831987368E+003 -0.705649831987368E+003 -0.705653528060647E+003
  0.164159342089895E+002  0.683263479714726E+002  0.329403540430946E+000 -0.706475902779180E+001 -0.705650341867611E+003 -0.705650341867611E+003 -0.705652737303852E+003
  0.335434098887301E+001  0.679377281777227E+002  0.328508437525884E+000 -0.706475902779180E+001 -0.705651649557546E+003 -0.705651649557546E+003 -0.705661090284248E+003
  0.142440838970584E+002  0.681489591956767E+002  0.327912256945509E+000 -0.706475902779180E+001 -0.705651460119461E+003 -0.705651460119461E+003 -0.705652737303852E+003
  0.103191274323892E+002  0.683541356054728E+002  0.329710298968488E+000 -0.706475902779180E+001 -0.705651534949518E+003 -0.705651534949518E+003 -0.705652011547365E+003
  0.174935894340760E+002  0.684023680438120E+002  0.328231494992827E+000 -0.706475902779180E+001 -0.705651481614835E+003 -0.705651481614835E+003 -0.705654648089469E+003
  0.916496187367094E+001  0.680265286435926E+002  0.330289404564766E+000 -0.706475902779180E+001 -0.705650801668943E+003 -0.705650801668943E+003 -0.705652350290115E+003
  0.699886839288171E+001  0.684204710133307E+002  0.328663293797501E+000 -0.706475902779180E+001 -0.705651283753247E+003 -0.705651283753247E+003 -0.705652640440748E+003
  0.430349752124063E+001  0.680688861626857E+002  0.328471205004527E+000 -0.706475902779180E+001 -0.705650040709149E+003 -0.705650040709149E+003 -0.705652052492320E+003
  0.169074473820379E+001  0.683984192711207E+002  0.328356413241499E+000 -0.706475902779180E+001 -0.705651212819527E+003 -0.705651212819527E+003 -0.705654477644093E+003
  0.853023716925915E+001  0.681960585866742E+002  0.329539875686251E+000 -0.706475902779180E+001 -0.705649245196401E+003 -0.705649245196401E+003 -0.705654235561555E+003
  0.171812836012265E+002  0.681474970508434E+002  0.329877290548605E+000 -0.706475902779180E+001 -0.705649700635656E+003 -0.705649700635656E+003 -0.705651793418619E+003
  0.857950104443408E+001  0.682071616488214E+002  0.328106634696442E+000 -0.706475902779180E+001 -0.705650524373734E+003 -0.705650524373734E+003 -0.705652793814632E+003
  0.174480450676558E+002  0.681259047445991E+002  0.329429362005203E+000 -0.706475902779180E+001 -0.705648887088860E+003 -0.705648887088860E+003 -0.705652310436547E+003
  0.101991622000512E+002  0.681202335928273E+002  0.330178956222739E+000 -0.706475902779180E+001 -0.705650496785297E+003 -0.705650496785297E+003 -0.705653549074884E+003
  0.107514369983319E+002  0.682858616219874E+002  0.329927013380058E+000 -0.706475902779180E+001 -0.705651130118006E+003 -0.705651130118006E+003 -0.705653406493395E+003
  0.132730367534521E+002  0.680914295062698E+002  0.328729614142238E+000 -0.706475902779180E+001 -0.705649292014901E+003 -0.705649292014901E+003 -0.705652380713763E+003
  0.102466697487731E+001  0.683819558025735E+002  0.328927752918426E+000 -0.706475902779180E+001 -0.705650657826688E+003 -0.705650657826688E+003 -0.705723876669395E+003
  0.155283907958182E+002  0.679275438331673E+002  0.329792470349489E+000 -0.706475902779180E+001 -0.705650387478440E+003 -0.705650387478440E+003 -0.705652082510520E+003
  0.126930437535451E+002  0.681141554347565E+002  0.329788280715367E+000 -0.706475902779180E+001 -0.705649402417681E+003 -0.705649402417681E+003 -0.705661839045651E+003
  0.473267375665277E+001  0.681357698944462E+002  0.329175148076129E+000 -0.706475902779180E+001 -0.705648774321688E+003 -0.705648774321688E+003 -0.705656163522089E+003
  0.100462415567817E+002  0.678339285006181E+002  0.329612303713775E+000 -0.706475902779180E+001 -0.705651750497065E+003 -0.705651750497065E+003 -0.705661587473231E+003
  0.440906330517555E+001  0.680864524268715E+002  0.329551447139934E+000 -0.706475902779180E+001 -0.705649034748312E+003 -0.705649034748312E+003 -0.705681072706153E+003
  0.337904850097467E+001  0.678946346741155E+002  0.329556829053470E+000 -0.706475902779180E+001 -0.705650688686999E+003 -0.705650688686999E+003 -0.705652427180185E+003
  0.112370923884282E+002  0.680568466157645E+002  0.330517223095654E+000 -0.706475902779180E+001 -0.705651657395875E+003 -0.705651657395875E+003 -0.705698564251278E+003
  0.141659588315640E+002  0.681058808562376E+002  0.328533187553763E+000 -0.706475902779180E+001 -0.705649617524491E+003 -0.705649617524491E+003 -0.705652920417564E+003
  0.174650208953726E+002  0.682268340695670E+002  0.328825564240069E+000 -0.706475902779180E+001 -0.705649089817740E+003 -0.705649089817740E+003 -0.705653512060349E+003
  0.118374534252322E+002  0.683299125999651E+002  0.328705961485388E+000 -0.706475902779180E+001 -0.705649974113448E+003 -0.705649974113448E+003 -0.705681373474234E+003
  0.107480045663868E+002  0.679878348610008E+002  0.328599645892203E+000 -0.706475902779180E+001 -0.705650586690710E+003 -0.705650586690710E+003 -0.705655580567429E+003
  0.115170777736446E+001  0.682416736426415E+002  0.327811273270078E+000 -0.706475902779180E+001 -0.705651638951621E+003 -0.705651638951621E+003 -0.705654918585078E+003
  0.160473858031017E+002  0.678827907191494E+002  0.328876706380779E+000 -0.706475902779180E+001 -0.705651638545675E+003 -0.705651638545675E+003 -0.705652192284494E+003
  0.735119316999725E+001  0.681071963721728E+002  0.328108912644864E+000 -0.706475902779180E+001 -0.705650934036155E+003 -0.705650934036155E+003 -0.705658779576870E+003
  0.957153979932315E+001  0.683023411221470E+002  0.328862688186937E+000 -0.706475902779180E+001 -0.705649617169851E+003 -0.705649617169851E+003 -0.705661245621266E+003
 -0.115490773407400E+001  0.680108237806559E+002  0.329554265542810E+000 -0.706475902779180E+001 -0.705649376328601E+003 -0.705649376328601E+003 -0.705655436929048E+003
  0.171447008644832E+002  0.682749683863095E+002  0.329483190864370E+000 -0.706475902779180E+001 -0.705649825394374E+003 -0.705649825394374E+003 -0.705655580567429E+003
  0.547167074164937E+001  0.680892529789887E+002  0.328421572830269E+000 -0.706475902779180E+001 -0.705650018212799E+003 -0.705650018212799E+003 -0.705665291923330E+003
  0.711257329077032E+001  0.681961710476418E+002  0.327892909371285E+000 -0.706475902779180E+001 -0.705651346966365E+003 -0.705651346966365E+003 -0.705652053974136E+003
  0.130751758322060E+002  0.680871924761617E+002  0.328498794186241E+000 -0.706475902779180E+001 -0.705649822542399E+003 -0.705649822542399E+003 -0.705720910010013E+003
  0.186394628364082E+002  0.680057226276504E+002  0.330028484794970E+000 -0.706475902779180E+001 -0.705650133516648E+003 -0.705650133516648E+003 -0.705668237831088E+003
  0.164914507700686E+002  0.681419544619840E+002  0.329408637855215E+000 -0.706475902779180E+001 -0.705648883310623E+003 -0.705648883310623E+003 -0.705668612292389E+003
  0.116672108230860E+002  0.681215818298632E+002  0.330243928794606E+000 -0.706475902779180E+001 -0.705650734557171E+003 -0.705650734557171E+003 -0.705653200917262E+003
  0.253795043698998E+001  0.679131018943907E+002  0.328714846888613E+000 -0.706475902779180E+001 -0.705651469027798E+003 -0.705651469027798E+003 -0.705655299541218E+003
  0.158397460582358E+002  0.679800798358426E+002  0.329403209437938E+000 -0.706475902779180E+001 -0.705649585885009E+003 -0.705649585885009E+003 -0.705656470111423E+003
  0.111682638335821E+002  0.680484670805604E+002  0.328384542898213E+000 -0.706475902779180E+001 -0.705650494523208E+003 -0.705650494523208E+003 -0.705698564251278E+003
  0.214064758327405E+001  0.682580480638139E+002  0.329528179672972E+000 -0.706475902779180E+001 -0.705649726876698E+003 -0.705649726876698E+003 -0.705659001848335E+003
  0.153002446265127E+002  0.680089773984387E+002  0.328404810840402E+000 -0.706475902779180E+001 -0.705650895100053E+003 -0.705650895100053E+003 -0.705654799486381E+003
  0.341190392491631E+001  0.682489283446536E+002  0.328410343835469E+000 -0.706475902779180E+001 -0.705649765459751E+003 -0.705649765459751E+003 -0.705653749365266E+003
  0.180689605630111E+002  0.681175960054843E+002  0.329270549686512E+000 -0.706475902779180E+001 -0.705648799738632E+003 -0.705648799738632E+003 -0.705675517009711E+003
  0.144134570132463E+002  0.678949344035202E+002  0.329269282143863E+000 -0.706475902779180E+001 -0.705650790851319E+003 -0.705650790851319E+003 -0.705654358845812E+003
  0.162152422742053E+002  0.683460418390485E+002  0.328620904364885E+000 -0.706475902779180E+001 -0.705650221634974E+003 -0.705650221634974E+003 -0.705653749365266E+003
  0.706606561895667E+001  0.679742816917430E+002  0.330018273860044E+000 -0.706475902779180E+001 -0.705650306918280E+003 -0.705650306918280E+003 -0.705652096981060E+003
  0.167876716818212E+002  0.680141996628747E+002  0.330054492097763E+000 -0.706475902779180E+001 -0.705650156181471E+003 -0.705650156181471E+003 -0.705660501117092E+003
  0.156761010265177E+002  0.684105885359080E+002  0.328501342921405E+000 -0.706475902779180E+001 -0.705651219647793E+003 -0.705651219647793E+003 -0.705668112701326E+003
  0.721422070010980E+001  0.680463308480041E+002  0.329351138767452E+000 -0.706475902779180E+001 -0.705649056994345E+003 -0.705649056994345E+003 -0.705651849565757E+003
  0.105459832501926E+002  0.683234971980544E+002  0.329223825921482E+000 -0.706475902779180E+001 -0.705650035386696E+003 -0.705650035386696E+003 -0.705656531874077E+003
  0.145026989055464E+002  0.681765869110169E+002  0.328376555608792E+000 -0.706475902779180E+001 -0.705649755465197E+003 -0.705649755465197E+003 -0.705656531874077E+003
  0.738121563200946E+001  0.680636123063732E+002  0.328038394314189E+000 -0.706475902779180E+001 -0.705651634831492E+003 -0.705651634831492E+003 -0.705652445075954E+003
  0.121379536747566E+002  0.682318456436387E+002  0.329269205030764E+000 -0.706475902779180E+001 -0.705649144605240E+003 -0.705649144605240E+003 -0.705656279974101E+003
  0.113243440814057E+002  0.680756229431700E+002  0.329084535647427E+000 -0.706475902779180E+001 -0.705648956442844E+003 -0.705648956442844E+003 -0.705654452127970E+003
  0.231599753385570E+001  0.682459877078773E+002  0.328147995523430E+000 -0.706475902779180E+001 -0.705650424916234E+003 -0.705650424916234E+003 -0.705653215688593E+003
  0.801629483923666E+001  0.680612277446313E+002  0.329288711438171E+000 -0.706475902779180E+001 -0.705648970806135E+003 -0.705648970806135E+003 -0.705655893873075E+003
  0.451457218549256E+001  0.682540753812038E+002  0.328438185410567E+000 -0.706475902779180E+001 -0.705649730567912E+003 -0.705649730567912E+003 -0.705654631969356E+003
  0.167516546797847E+002  0.683739408025309E+002  0.329180110825828E+000 -0.706475902779180E+001 -0.705650740589958E+003 -0.705650740589958E+003 -0.705655193152303E+003
  0.172080258249902E+002  0.681161720712725E+002  0.328042076614304E+000 -0.706475902779180E+001 -0.705651130896239E+003 -0.705651130896239E+003 -0.705652599210837E+003
 -0.214627251420247E+000  0.682766972772291E+002  0.329605399033770E+000 -0.706475902779180E+001 -0.705650094760271E+003 -0.705650094760271E+003 -0.705653215688593E+003
  0.125551849293149E+001  0.682189831613742E+002  0.328891146852680E+000 -0.706475902779180E+001 -0.705649013962376E+003 -0.705649013962376E+003 -0.705652857367388E+003
 -0.786979395923812E+001  0.680112128199966E+002  0.328333452932270E+000 -0.706475902779180E+001 -0.705651111440109E+003 -0.705651111440109E+003 -0.705713613694563E+003
 -0.156776670029463E+002  0.680274036593298E+002  0.330317627499830E+000 -0.706475902779180E+001 -0.705650896162613E+003 -0.705650896162613E+003 -0.706040316368906E+003
 -0.197481261119127E+001  0.681189566479097E+002  0.330138290077317E+000 -0.706475902779180E+001 -0.705650354472024E+003 -0.705650354472024E+003 -0.705665500716444E+003
 -0.100739942866067E+002  0.680692369383123E+002  0.328298761126194E+000 -0.706475902779180E+001 -0.705650570465341E+003 -0.705650570465341E+003 -0.705652397792079E+003
 -0.110827524584896E+002  0.680392834634004E+002  0.329457113256838E+000 -0.706475902779180E+001 -0.705649134218412E+003 -0.705649134218412E+003 -0.705666630663361E+003
 -0.124554038894600E+002  0.680852088302017E+002  0.329854604627618E+000 -0.706475902779180E+001 -0.705649526863382E+003 -0.705649526863382E+003 -0.705680300872000E+003
 -0.151152215380488E+002  0.683190878107931E+002  0.328865892498461E+000 -0.706475902779180E+001 -0.705649794077045E+003 -0.705649794077045E+003 -0.705684194061895E+003
 -0.146959104535621E+002  0.680085343143822E+002  0.329363817695229E+000 -0.706475902779180E+001 -0.705649322569441E+003 -0.705649322569441E+003 -0.705653628834203E+003
 -0.189696074164673E+002  0.681478545474854E+002  0.329235773708079E+000 -0.706475902779180E+001 -0.705648788546819E+003 -0.705648788546819E+003 -0.705651985023831E+003
 -0.105985987966842E+002  0.681238579439707E+002  0.328141233495303E+000 -0.706475902779180E+001 -0.705650694927500E+003 -0.705650694927500E+003 -0.705652827776853E+003
 -0.966243395824609E+001  0.680102035048392E+002  0.328636508627805E+000 -0.706475902779180E+001 -0.705650203830290E+003 -0.705650203830290E+003 -0.705661200589633E+003
 -0.175780187785124E+002  0.679817811753247E+002  0.328536769681214E+000 -0.706475902779180E+001 -0.705650852593642E+003 -0.705650852593642E+003 -0.705656219116872E+003
 -0.157009216076524E+002  0.683478466975725E+002  0.328534865610207E+000 -0.706475902779180E+001 -0.705650327510548E+003 -0.705650327510548E+003 -0.705666042878813E+003
 -0.132141184244519E+002  0.682048862419923E+002  0.329306516995358E+000 -0.706475902779180E+001 -0.705649008520327E+003 -0.705649008520327E+003 -0.705656085329789E+003
 -0.116090088477104E+002  0.679801494550572E+002  0.329285383350739E+000 -0.706475902779180E+001 -0.705649606099931E+003 -0.705649606099931E+003 -0.705658303191786E+003
 -0.236858638491223E+001  0.679386151579033E+002  0.329833948851914E+000 -0.706475902779180E+001 -0.705650312362756E+003 -0.705650312362756E+003 -0.705730378879946E+003
 -0.724759335866339E+001  0.684237352933937E+002  0.329138400673421E+000 -0.706475902779180E+001 -0.705651600215450E+003 -0.705651600215450E+003 -0.705654269674962E+003
 -0.113179027757935E+002  0.679739685269287E+002  0.328467460910184E+000 -0.706475902779180E+001 -0.705651186728110E+003 -0.705651186728110E+003 -0.705681817214233E+003
 -0.442626821408984E+001  0.680275315147889E+002  0.329414006280204E+000 -0.706475902779180E+001 -0.705649188809687E+003 -0.705649188809687E+003 -0.705652827776853E+003
 -0.105102433949991E+002  0.680249117999427E+002  0.328805793504289E+000 -0.706475902779180E+001 -0.705649675189233E+003 -0.705649675189233E+003 -0.705654005770019E+003
 -0.985912196654132E+001  0.682040361809410E+002  0.328400694825781E+000 -0.706475902779180E+001 -0.705649685387260E+003 -0.705649685387260E+003 -0.705661200589633E+003
 -0.689512364824108E+001  0.683399917668505E+002  0.328788949986920E+000 -0.706475902779180E+001 -0.705650054726355E+003 -0.705650054726355E+003 -0.705654602071838E+003
 -0.699941087930686E+001  0.679835812221878E+002  0.328806985957285E+000 -0.706475902779180E+001 -0.705650146180882E+003 -0.705650146180882E+003 -0.705654546109429E+003
 -0.143314635873514E+002  0.678597183249522E+002  0.329743240824986E+000 -0.706475902779180E+001 -0.705651321951173E+003 -0.705651321951173E+003 -0.705680300872000E+003
 -0.186752578162449E+002  0.680603017591387E+002  0.330001318665701E+000 -0.706475902779180E+001 -0.705649891044484E+003 -0.705649891044484E+003 -0.705652776714771E+003
 -0.147454121400365E+002  0.682373695825643E+002  0.328317441102609E+000 -0.706475902779180E+001 -0.705649939271700E+003 -0.705649939271700E+003 -0.705652659231625E+003
 -0.160856070753597E+002  0.682468797313856E+002  0.329647749238529E+000 -0.706475902779180E+001 -0.705649860911666E+003 -0.705649860911666E+003 -0.705658436380381E+003
 -0.134202127466532E+002  0.679195547384188E+002  0.330315550002400E+000 -0.706475902779180E+001 -0.705651528219879E+003 -0.705651528219879E+003 -0.705653628834203E+003
 -0.154279492648445E+002  0.684221665021003E+002  0.328880111527112E+000 -0.706475902779180E+001 -0.705651331563377E+003 -0.705651331563377E+003 -0.705657718738409E+003
 -0.112988697032321E+002  0.681659358810637E+002  0.329110662827847E+000 -0.706475902779180E+001 -0.705648795392149E+003 -0.705648795392149E+003 -0.705655316182340E+003
 -0.164038274062303E+002  0.678779664193878E+002  0.330077203826869E+000 -0.706475902779180E+001 -0.705651452455586E+003 -0.705651452455586E+003 -0.705654229119205E+003
 -0.343475600464099E+001  0.680202889383730E+002  0.328952017617280E+000 -0.706475902779180E+001 -0.705649487544060E+003 -0.705649487544060E+003 -0.705652288315029E+003
 -0.843057773364197E+001  0.682328149000919E+002  0.327853987288415E+000 -0.706475902779180E+001 -0.705651459945057E+003 -0.705651459945057E+003 -0.705661937633171E+003
 -0.640280453123659E+001  0.682351839574114E+002  0.328109697551821E+000 -0.706475902779180E+001 -0.705650524288209E+003 -0.705650524288209E+003 -0.705652659231625E+003
 -0.555790950888082E+001  0.681219937869550E+002  0.328114276702563E+000 -0.706475902779180E+001 -0.705650807337973E+003 -0.705650807337973E+003 -0.705661200589633E+003
 -0.119181096150498E+002  0.680008447587157E+002  0.329990396496628E+000 -0.706475902779180E+001 -0.705650073358399E+003 -0.705650073358399E+003 -0.705662949215828E+003
 -0.136100324602633E+002  0.684254660359388E+002  0.328733008357145E+000 -0.706475902779180E+001 -0.705651360336161E+003 -0.705651360336161E+003 -0.705651791032325E+003
 -0.175449218216263E+001  0.682215764309499E+002  0.329827453590622E+000 -0.706475902779180E+001 -0.705650066152547E+003 -0.705650066152547E+003 -0.705661540603463E+003
 -0.806571922135103E+001  0.679375079484206E+002  0.329935637058555E+000 -0.706475902779180E+001 -0.705650476553694E+003 -0.705650476553694E+003 -0.705652288315029E+003
 -0.550376892629235E+001  0.681901657967849E+002  0.329693178794946E+000 -0.706475902779180E+001 -0.705649495384465E+003 -0.705649495384465E+003 -0.705656932432182E+003
 -0.958430115872420E+001  0.682862851785975E+002  0.329689725882368E+000 -0.706475902779180E+001 -0.705650420087983E+003 -0.705650420087983E+003 -0.705653628834203E+003
 -0.189230918531704E+002  0.680131470136818E+002  0.328375504960974E+000 -0.706475902779180E+001 -0.705650939226070E+003 -0.705650939226070E+003 -0.705652576298179E+003
 -0.889074372664313E+001  0.683633904890320E+002  0.329208006649804E+000 -0.706475902779180E+001 -0.705650603494203E+003 -0.705650603494203E+003 -0.705654103655497E+003
 -0.827474294376669E+001  0.681842592378371E+002  0.329695936822211E+000 -0.706475902779180E+001 -0.705649465206753E+003 -0.705649465206753E+003 -0.705652397792079E+003
 -0.614317434003983E+001  0.680860373098877E+002  0.328198020080083E+000 -0.706475902779180E+001 -0.705650772942674E+003 -0.705650772942674E+003 -0.705652502034766E+003
 -0.926072242869239E+001  0.683655715091053E+002  0.328972953705975E+000 -0.706475902779180E+001 -0.705650424535174E+003 -0.705650424535174E+003 -0.705674242116351E+003
 -0.924595160821421E+001  0.678463007316607E+002  0.329474913749809E+000 -0.706475902779180E+001 -0.705651537679632E+003 -0.705651537679632E+003 -0.705652397792079E+003
 -0.117621556673415E+002  0.678942465458609E+002  0.329862874072624E+000 -0.706475902779180E+001 -0.705650897776535E+003 -0.705650897776535E+003 -0.705682190124048E+003
 -0.176138721941545E+002  0.682018599565545E+002  0.329552527574480E+000 -0.706475902779180E+001 -0.705649301867988E+003 -0.705649301867988E+003 -0.706129427383311E+003
 -0.142064062303624E+002  0.680979500629284E+002  0.330031199507888E+000 -0.706475902779180E+001 -0.705649973328785E+003 -0.705649973328785E+003 -0.705659312728607E+003
 -0.144819381930705E+002  0.679339110385927E+002  0.329936100956591E+000 -0.706475902779180E+001 -0.705650515289850E+003 -0.705650515289850E+003 -0.705663183557297E+003
 -0.849843885895514E+001  0.682388698144467E+002  0.329306117791680E+000 -0.706475902779180E+001 -0.705649231148954E+003 -0.705649231148954E+003 -0.705652113263734E+003
 -0.791325875700173E+001  0.680857321876811E+002  0.329314149846960E+000 -0.706475902779180E+001 -0.705648876479073E+003 -0.705648876479073E+003 -0.705655491437814E+003
 -0.855907718994893E+001  0.682020086308218E+002  0.329993461756744E+000 -0.706475902779180E+001 -0.705650387538447E+003 -0.705650387538447E+003 -0.705664877951418E+003
 -0.188431205064837E+002  0.680010466186582E+002  0.329414787309248E+000 -0.706475902779180E+001 -0.705649391136065E+003 -0.705649391136065E+003 -0.705651985023831E+003
 -0.700652996712942E+001  0.680363967583623E+002  0.329565438042377E+000 -0.706475902779180E+001 -0.705649226046722E+003 -0.705649226046722E+003 -0.705665287601829E+003
 -0.119126571548157E+002  0.683044742308323E+002  0.329867500996500E+000 -0.706475902779180E+001 -0.705651205030873E+003 -0.705651205030873E+003 -0.705651791032325E+003
 -0.178906089729325E+002  0.683506658282773E+002  0.329557380094453E+000 -0.706475902779180E+001 -0.705651053899519E+003 -0.705651053899519E+003 -0.705657925649973E+003
 -0.764379138920291E+001  0.680409372411025E+002  0.329977385071559E+000 -0.706475902779180E+001 -0.705649873457134E+003 -0.705649873457134E+003 -0.705653548532152E+003
 -0.304142319362630E+001  0.678981934934391E+002  0.330108221942101E+000 -0.706475902779180E+001 -0.705651247715141E+003 -0.705651247715141E+003 -0.705651879045517E+003
 -0.152337016275837E+001  0.684089423536963E+002  0.329190021657924E+000 -0.706475902779180E+001 -0.705651383608924E+003 -0.705651383608924E+003 -0.705651985023831E+003
 -0.850090490247911E+001  0.683269721980911E+002  0.329739330983628E+000 -0.706475902779180E+001 -0.705651156292350E+003 -0.705651156292350E+003 -0.705676703195280E+003
 -0.118342864594153E+002  0.678723081066705E+002  0.329891941636200E+000 -0.706475902779180E+001 -0.705651252376489E+003 -0.705651252376489E+003 -0.705652827776853E+003
 -0.920821092025542E+001  0.681368582744496E+002  0.329149847875267E+000 -0.706475902779180E+001 -0.705648774438187E+003 -0.705648774438187E+003 -0.705652424213769E+003
 -0.139399199280412E+002  0.683282472310642E+002  0.328640049249177E+000 -0.706475902779180E+001 -0.705650004898381E+003 -0.705650004898381E+003 -0.705652098055788E+003
 -0.890337237532875E+001  0.678923205832509E+002  0.328990041901445E+000 -0.706475902779180E+001 -0.705651219799268E+003 -0.705651219799268E+003 -0.705651985023831E+003
 -0.135836887377140E+002  0.679559274128447E+002  0.329825903794461E+000 -0.706475902779180E+001 -0.705650123621057E+003 -0.705650123621057E+003 -0.705651785372845E+003
 -0.896926823855310E+001  0.680238273965023E+002  0.328453135774718E+000 -0.706475902779180E+001 -0.705650554365368E+003 -0.705650554365368E+003 -0.705651600215450E+003
 -0.146801150650691E+002  0.683247430939764E+002  0.329034192160526E+000 -0.706475902779180E+001 -0.705649893535941E+003 -0.705649893535941E+003 -0.705651600215450E+003
 -0.182658790312117E+002  0.680872707978834E+002  0.330468811051715E+000 -0.706475902779180E+001 -0.705651509723330E+003 -0.705651509723330E+003 -0.705651600215450E+003
