 -0.106664326615532E+002  0.666036146566468E+002  0.333285856751518E+000  0.689839498934950E+000 -0.867419694022590E+001 -0.964219554481793E+002 -0.964219554481793E+002 -0.964346352114563E+002
 -0.710007900901835E+001  0.668369886103525E+002  0.330506227266921E+000  0.677634117272527E+000 -0.867419694022590E+001 -0.964144692268740E+002 -0.964144692268740E+002 -0.964398866369093E+002
 -0.143459379900704E+002  0.666402661493835E+002  0.327044424162544E+000  0.679710903404258E+000 -0.867419694022590E+001 -0.964197126434262E+002 -0.964197126434262E+002 -0.965264756220392E+002
 -0.169810053901630E+002  0.675197782484772E+002  0.326505359256100E+000  0.690050976092737E+000 -0.867419694022590E+001 -0.964257476943326E+002 -0.964257476943326E+002 -0.964296078378853E+002
 -0.115702989940374E+002  0.672918084492614E+002  0.324402499643920E+000  0.688598779901265E+000 -0.867419694022590E+001 -0.964110421435667E+002 -0.964110421435667E+002 -0.964460303783106E+002
 -0.115572262670995E+002  0.669327755585846E+002  0.323651436115088E+000  0.691399448546950E+000 -0.867419694022590E+001 -0.964230967145927E+002 -0.964230967145927E+002 -0.964313740882000E+002
 -0.461222146818899E+001  0.670477411392936E+002  0.322189777734440E+000  0.683429443090569E+000 -0.867419694022590E+001 -0.964198981538597E+002 -0.964198981538597E+002 -0.964447577806178E+002
 -0.424249181755496E+001  0.670499537525971E+002  0.327580399429252E+000  0.675065560800738E+000 -0.867419694022590E+001 -0.964132433642744E+002 -0.964132433642744E+002 -0.964484550145351E+002
 -0.836941802978764E+001  0.670124420033243E+002  0.323524086024916E+000  0.686498081269602E+000 -0.867419694022590E+001 -0.964160626962086E+002 -0.964160626962086E+002 -0.965638639138729E+002
 -0.163290297586551E+002  0.665920322839101E+002  0.331552082633792E+000  0.688273799381102E+000 -0.867419694022590E+001 -0.964169963209707E+002 -0.964169963209707E+002 -0.965835262532205E+002
 -0.156453149803293E+002  0.665844697458775E+002  0.329357946631985E+000  0.682803452586767E+000 -0.867419694022590E+001 -0.964155934927803E+002 -0.964155934927803E+002 -0.964314810205829E+002
 -0.583253996096292E+001  0.673471359348277E+002  0.320888064273224E+000  0.695947263901296E+000 -0.867419694022590E+001 -0.964257784221024E+002 -0.964257784221024E+002 -0.964995753739786E+002
 -0.724819932361770E+001  0.668245683026473E+002  0.331095128454065E+000  0.680999023023569E+000 -0.867419694022590E+001 -0.964143719463125E+002 -0.964143719463125E+002 -0.965129142440174E+002
 -0.143336647275429E+002  0.673582559172067E+002  0.320944880155417E+000  0.695819103745195E+000 -0.867419694022590E+001 -0.964251276347423E+002 -0.964251276347423E+002 -0.964514133573517E+002
 -0.119234491000328E+002  0.672666957697260E+002  0.322779475486908E+000  0.682718592788833E+000 -0.867419694022590E+001 -0.964108358750943E+002 -0.964108358750943E+002 -0.964302242817737E+002
 -0.121021870154355E+002  0.667572390227479E+002  0.331150384011423E+000  0.678860966572434E+000 -0.867419694022590E+001 -0.964146138492811E+002 -0.964146138492811E+002 -0.964642395582543E+002
 -0.140893473422133E+002  0.673224583415501E+002  0.320380211735980E+000  0.680750479778547E+000 -0.867419694022590E+001 -0.964182858523189E+002 -0.964182858523189E+002 -0.964504116031967E+002
 -0.426929099323141E+001  0.673774341470356E+002  0.319339988548092E+000  0.691157556147614E+000 -0.867419694022590E+001 -0.964254674689256E+002 -0.964254674689256E+002 -0.964311289105831E+002
 -0.174393962415014E+002  0.667875002264290E+002  0.327030915991042E+000  0.690038291084785E+000 -0.867419694022590E+001 -0.964161958744264E+002 -0.964161958744264E+002 -0.964318872367342E+002
 -0.157147647022594E+002  0.665156398318566E+002  0.334528091682744E+000  0.683106523441785E+000 -0.867419694022590E+001 -0.964225203007587E+002 -0.964225203007587E+002 -0.964331083386129E+002
 -0.139472480041123E+002  0.668992201385381E+002  0.322718607320182E+000  0.679416930419345E+000 -0.867419694022590E+001 -0.964261328491260E+002 -0.964261328491260E+002 -0.964422686043740E+002
 -0.193409286203210E+002  0.670261589572357E+002  0.331099457998428E+000  0.676920343395259E+000 -0.867419694022590E+001 -0.964229501220453E+002 -0.964229501220453E+002 -0.964867652787195E+002
 -0.180075155563112E+002  0.667227612972224E+002  0.333273508753991E+000  0.674246079631131E+000 -0.867419694022590E+001 -0.964258280820707E+002 -0.964258280820707E+002 -0.964666181809134E+002
 -0.448211771570964E+001  0.669442737068520E+002  0.324638093358663E+000  0.672277108885828E+000 -0.867419694022590E+001 -0.964211545831251E+002 -0.964211545831251E+002 -0.968211084560847E+002
 -0.125463157896433E+002  0.669942036128932E+002  0.331816447800079E+000  0.687452018433604E+000 -0.867419694022590E+001 -0.964238464837874E+002 -0.964238464837874E+002 -0.964937126944398E+002
 -0.100684591792484E+002  0.668664220087869E+002  0.328321185630639E+000  0.684487791749553E+000 -0.867419694022590E+001 -0.964097806440198E+002 -0.964097806440198E+002 -0.964374426797880E+002
 -0.166285011768208E+002  0.670672379433302E+002  0.331146946174258E+000  0.682429387944546E+000 -0.867419694022590E+001 -0.964224876542517E+002 -0.964224876542517E+002 -0.964311434377439E+002
 -0.119253742548844E+002  0.667482216866038E+002  0.329409607694716E+000  0.681568807681318E+000 -0.867419694022590E+001 -0.964113022275195E+002 -0.964113022275195E+002 -0.964391643020675E+002
 -0.138869443442905E+002  0.671577231143928E+002  0.321307054654399E+000  0.686904804027263E+000 -0.867419694022590E+001 -0.964204331388423E+002 -0.964204331388423E+002 -0.964353190058186E+002
 -0.123871222871919E+002  0.665900311613415E+002  0.330949518365289E+000  0.696800493849909E+000 -0.867419694022590E+001 -0.964275449084683E+002 -0.964275449084683E+002 -0.964496090918557E+002
 -0.175230077902698E+002  0.676593990864472E+002  0.318353205144290E+000  0.684397952969062E+000 -0.867419694022590E+001 -0.964203316686505E+002 -0.964203316686505E+002 -0.964319618523474E+002
 -0.187723774903098E+002  0.667463054909000E+002  0.330377031410651E+000  0.674821478931832E+000 -0.867419694022590E+001 -0.964163096853231E+002 -0.964163096853231E+002 -0.964444118049185E+002
 -0.368719010276694E+001  0.669295116392065E+002  0.329404370379403E+000  0.670567731352899E+000 -0.867419694022590E+001 -0.964215025565891E+002 -0.964215025565891E+002 -0.964349886047846E+002
 -0.749735758801348E+001  0.670125948930866E+002  0.329041889788854E+000  0.675896890951924E+000 -0.867419694022590E+001 -0.964148774642829E+002 -0.964148774642829E+002 -0.964884461729081E+002
 -0.984023921157794E+001  0.673269599989498E+002  0.319124506922192E+000  0.677025981672097E+000 -0.867419694022590E+001 -0.964271567888368E+002 -0.964271567888368E+002 -0.964456180375838E+002
 -0.101992556508886E+002  0.674012922880035E+002  0.325913675907098E+000  0.690523095548896E+000 -0.867419694022590E+001 -0.964176293578594E+002 -0.964176293578594E+002 -0.977679294237768E+002
 -0.373801549102527E+001  0.670066895032557E+002  0.329045237095272E+000  0.698045548365116E+000 -0.867419694022590E+001 -0.964259153541782E+002 -0.964259153541782E+002 -0.964364714334047E+002
 -0.117326108422658E+002  0.672571550985920E+002  0.322986006391553E+000  0.673218647584391E+000 -0.867419694022590E+001 -0.964170510278425E+002 -0.964170510278425E+002 -0.964327983214144E+002
 -0.834942200149978E+001  0.671509391277611E+002  0.324897314719850E+000  0.672679894971044E+000 -0.867419694022590E+001 -0.964157641949806E+002 -0.964157641949806E+002 -0.964285954860720E+002
 -0.133320695086502E+002  0.671343237727333E+002  0.331041568451558E+000  0.679556743685733E+000 -0.867419694022590E+001 -0.964265541153096E+002 -0.964265541153096E+002 -0.964320926337942E+002
 -0.163582846519515E+002  0.672918341254084E+002  0.322052995817138E+000  0.670057943558658E+000 -0.867419694022590E+001 -0.964239603572896E+002 -0.964239603572896E+002 -0.965529861570589E+002
 -0.704802323793229E+001  0.677345263254053E+002  0.320958377780176E+000  0.681468327887659E+000 -0.867419694022590E+001 -0.964178343639227E+002 -0.964178343639227E+002 -0.964642395582543E+002
 -0.883433207480085E+001  0.670525046129592E+002  0.327016765461204E+000  0.691405536346433E+000 -0.867419694022590E+001 -0.964132098872866E+002 -0.964132098872866E+002 -0.964451429960658E+002
 -0.590655613213273E+001  0.664185914080349E+002  0.328894386752957E+000  0.682191887085702E+000 -0.867419694022590E+001 -0.964256994146279E+002 -0.964256994146279E+002 -0.964744702325272E+002
 -0.120878190199479E+002  0.669699192448180E+002  0.327620496810490E+000  0.686864325011321E+000 -0.867419694022590E+001 -0.964098364933086E+002 -0.964098364933086E+002 -0.964456180375838E+002
 -0.180524445118250E+002  0.670636599261508E+002  0.321697737040474E+000  0.685711011382607E+000 -0.867419694022590E+001 -0.964223226631899E+002 -0.964223226631899E+002 -0.964373835120196E+002
 -0.936007425220770E+001  0.669043312315748E+002  0.324187824555624E+000  0.694075457410667E+000 -0.867419694022590E+001 -0.964255217054565E+002 -0.964255217054565E+002 -0.964474449946739E+002
 -0.720849467804682E+001  0.664698401591276E+002  0.330543125412475E+000  0.681944085546245E+000 -0.867419694022590E+001 -0.964184630903722E+002 -0.964184630903722E+002 -0.964279088248843E+002
 -0.773436257451479E+001  0.673080914992601E+002  0.326993738305447E+000  0.695323848031509E+000 -0.867419694022590E+001 -0.964233957483521E+002 -0.964233957483521E+002 -0.964936225632611E+002
 -0.360161802427493E+001  0.669210171970515E+002  0.325535761295591E+000  0.679568582790683E+000 -0.867419694022590E+001 -0.964124127297271E+002 -0.964124127297271E+002 -0.964290506061710E+002
 -0.112139629884848E+002  0.675158256788124E+002  0.324848437521004E+000  0.688446854440742E+000 -0.867419694022590E+001 -0.964176067416775E+002 -0.964176067416775E+002 -0.964596584668372E+002
 -0.184752468201725E+002  0.676308560039073E+002  0.324203110260312E+000  0.686556615947782E+000 -0.867419694022590E+001 -0.964202521348989E+002 -0.964202521348989E+002 -0.964276876100843E+002
 -0.113012529729505E+002  0.675642635369235E+002  0.319139235896527E+000  0.679820391275312E+000 -0.867419694022590E+001 -0.964189966424125E+002 -0.964189966424125E+002 -0.964510267472858E+002
 -0.903238563024543E+001  0.677635505749842E+002  0.323642564665589E+000  0.688537465069311E+000 -0.867419694022590E+001 -0.964271781969473E+002 -0.964271781969473E+002 -0.964410732718252E+002
 -0.868736530572060E+001  0.666215349244421E+002  0.328637172782870E+000  0.696185577466720E+000 -0.867419694022590E+001 -0.964275444583668E+002 -0.964275444583668E+002 -0.964534709124412E+002
 -0.188830858666502E+002  0.679180992705986E+002  0.320911083885535E+000  0.681996354319954E+000 -0.867419694022590E+001 -0.964263704986567E+002 -0.964263704986567E+002 -0.964402098889437E+002
 -0.679760523978188E+001  0.668587773535853E+002  0.326443291024193E+000  0.698369607021058E+000 -0.867419694022590E+001 -0.964273971961082E+002 -0.964273971961082E+002 -0.964337848307772E+002
 -0.927423438704704E+001  0.673732678203856E+002  0.327522028409168E+000  0.690731188079655E+000 -0.867419694022590E+001 -0.964227617296661E+002 -0.964227617296661E+002 -0.964524747837274E+002
 -0.128915678506919E+002  0.670257865033262E+002  0.321636089249244E+000  0.680398717267310E+000 -0.867419694022590E+001 -0.964247386909367E+002 -0.964247386909367E+002 -0.964650392441954E+002
 -0.630584747102797E+001  0.667470460583018E+002  0.326521250620319E+000  0.673072274986365E+000 -0.867419694022590E+001 -0.964217957897417E+002 -0.964217957897417E+002 -0.964410732718252E+002
 -0.169580158097899E+002  0.675159329774085E+002  0.324121423933359E+000  0.697784079371414E+000 -0.867419694022590E+001 -0.964274189564318E+002 -0.964274189564318E+002 -0.965134634417833E+002
 -0.647368766508806E+001  0.672504422679969E+002  0.321532494172440E+000  0.689924746690994E+000 -0.867419694022590E+001 -0.964181576242337E+002 -0.964181576242337E+002 -0.964296070624429E+002
 -0.124274495127327E+002  0.671250154836735E+002  0.328189284703178E+000  0.669581586357056E+000 -0.867419694022590E+001 -0.964243050448918E+002 -0.964243050448918E+002 -0.964312211717189E+002
 -0.137823817193412E+002  0.675402823226404E+002  0.324317623795630E+000  0.683023682953277E+000 -0.867419694022590E+001 -0.964155269075581E+002 -0.964155269075581E+002 -0.964307368441473E+002
 -0.128535722173285E+002  0.675351380822682E+002  0.325838563152526E+000  0.677025055454790E+000 -0.867419694022590E+001 -0.964236697599138E+002 -0.964236697599138E+002 -0.965351856175710E+002
 -0.148075715857975E+002  0.677559927613394E+002  0.321256865440955E+000  0.692414996642328E+000 -0.867419694022590E+001 -0.964237522820523E+002 -0.964237522820523E+002 -0.964340001497710E+002
 -0.164001874485352E+002  0.672137134898008E+002  0.324018411909609E+000  0.669975149203773E+000 -0.867419694022590E+001 -0.964207939548706E+002 -0.964207939548706E+002 -0.964296283668405E+002
 -0.456919048681134E+001  0.665849662816544E+002  0.331889373182166E+000  0.688568842260750E+000 -0.867419694022590E+001 -0.964177279587971E+002 -0.964177279587971E+002 -0.964389816017272E+002
 -0.844907268045581E+001  0.670406907685796E+002  0.325363107486866E+000  0.670824092389581E+000 -0.867419694022590E+001 -0.964191341854516E+002 -0.964191341854516E+002 -0.964447577806178E+002
 -0.968726473954555E+001  0.673510272925772E+002  0.322606364932373E+000  0.670223559397668E+000 -0.867419694022590E+001 -0.964219786569892E+002 -0.964219786569892E+002 -0.965001936324677E+002
 -0.826210822250189E+001  0.664728487885507E+002  0.331818762332336E+000  0.681864477857952E+000 -0.867419694022590E+001 -0.964175628940648E+002 -0.964175628940648E+002 -0.964329007757610E+002
 -0.775575934180163E+001  0.672524421189473E+002  0.326342268488847E+000  0.698982772999986E+000 -0.867419694022590E+001 -0.964265426817581E+002 -0.964265426817581E+002 -0.964283698593445E+002
 -0.149537652972239E+002  0.666127553160268E+002  0.334128789180091E+000  0.685395767347094E+000 -0.867419694022590E+001 -0.964225027173493E+002 -0.964225027173493E+002 -0.964444118049185E+002
 -0.134389131229593E+002  0.665448087535009E+002  0.332687170831429E+000  0.681408382043923E+000 -0.867419694022590E+001 -0.964172663588969E+002 -0.964172663588969E+002 -0.964285954860720E+002
 -0.102252180462156E+002  0.666547178413466E+002  0.331029754828956E+000  0.693844330296120E+000 -0.867419694022590E+001 -0.964216767334429E+002 -0.964216767334429E+002 -0.964303806687739E+002
 -0.616836774215407E+001  0.673423436193157E+002  0.320614980875419E+000  0.677543769424943E+000 -0.867419694022590E+001 -0.964184324469863E+002 -0.964184324469863E+002 -0.964368087613798E+002
 -0.153862255777450E+002  0.668869031042593E+002  0.328535739232633E+000  0.673044134918033E+000 -0.867419694022590E+001 -0.964160358122941E+002 -0.964160358122941E+002 -0.964307368441473E+002
 -0.115903394996446E+002  0.671604392719026E+002  0.330530591764688E+000  0.683282318507903E+000 -0.867419694022590E+001 -0.964238045742857E+002 -0.964238045742857E+002 -0.964297941485220E+002
 -0.109030724687050E+002  0.670753201165563E+002  0.328979235778655E+000  0.670392012755052E+000 -0.867419694022590E+001 -0.964239079325825E+002 -0.964239079325825E+002 -0.964388388057323E+002
 -0.149224144927760E+002  0.669714607904897E+002  0.329059330671323E+000  0.671085002332701E+000 -0.867419694022590E+001 -0.964204509837443E+002 -0.964204509837443E+002 -0.964403283327062E+002
 -0.166212322785975E+002  0.672817962932971E+002  0.326278249502306E+000  0.692494308573104E+000 -0.867419694022590E+001 -0.964167175192870E+002 -0.964167175192870E+002 -0.964285954860720E+002
 -0.185161195060242E+002  0.664130865861021E+002  0.329988635032068E+000  0.676882210163472E+000 -0.867419694022590E+001 -0.964244305383742E+002 -0.964244305383742E+002 -0.964307368441473E+002
 -0.126711545543521E+002  0.672400576637503E+002  0.322809002922684E+000  0.682110765995547E+000 -0.867419694022590E+001 -0.964111834806452E+002 -0.964111834806452E+002 -0.964321184589996E+002
 -0.138992284484231E+002  0.671878882108118E+002  0.321150957274171E+000  0.678056745401624E+000 -0.867419694022590E+001 -0.964206184346108E+002 -0.964206184346108E+002 -0.964279088248843E+002
 -0.150958903984362E+002  0.668049205587844E+002  0.332240050125937E+000  0.682902617950697E+000 -0.867419694022590E+001 -0.964179802218601E+002 -0.964179802218601E+002 -0.964275449084683E+002
 -0.102456904499658E+002  0.676093173839619E+002  0.318553923948832E+000  0.693636406409500E+000 -0.867419694022590E+001 -0.964267096699500E+002 -0.964267096699500E+002 -0.964275449084683E+002
  0.152221273117359E+002  0.670152650876921E+002  0.328999076933562E+000  0.670078676933914E+000 -0.867419694022590E+001 -0.964229034027093E+002 -0.964229034027093E+002 -0.964902769044100E+002
  0.190646575251420E+002  0.666326453861519E+002  0.325999214418524E+000  0.687676728655466E+000 -0.867419694022590E+001 -0.964260830912867E+002 -0.964260830912867E+002 -0.964374294062144E+002
  0.169853954208364E+002  0.679493541089116E+002  0.319785167240222E+000  0.681792105772211E+000 -0.867419694022590E+001 -0.964258793185835E+002 -0.964258793185835E+002 -0.964642662384130E+002
  0.148303355436581E+002  0.677943298987318E+002  0.317363339544833E+000  0.685153377650354E+000 -0.867419694022590E+001 -0.964237414189807E+002 -0.964237414189807E+002 -0.964393869622228E+002
  0.165897992324222E+002  0.675398930211215E+002  0.326587673658136E+000  0.681599835219542E+000 -0.867419694022590E+001 -0.964251288726095E+002 -0.964251288726095E+002 -0.966874133808554E+002
  0.158934460445710E+002  0.666476725905305E+002  0.325485810255763E+000  0.686864129496102E+000 -0.867419694022590E+001 -0.964272797236176E+002 -0.964272797236176E+002 -0.964852686573505E+002
  0.186783679439212E+002  0.676305206925155E+002  0.319474162963854E+000  0.677201647325674E+000 -0.867419694022590E+001 -0.964195333523623E+002 -0.964195333523623E+002 -0.964405414259434E+002
  0.159508447923499E+002  0.666455501809367E+002  0.334223941523875E+000  0.680072271663618E+000 -0.867419694022590E+001 -0.964238213258425E+002 -0.964238213258425E+002 -0.964548061490636E+002
  0.186173802388193E+002  0.674763486623511E+002  0.324627191181501E+000  0.682748106199695E+000 -0.867419694022590E+001 -0.964137032832142E+002 -0.964137032832142E+002 -0.964993303492679E+002
  0.169101503867312E+002  0.672647626065717E+002  0.320508521537937E+000  0.678301108514188E+000 -0.867419694022590E+001 -0.964207861440880E+002 -0.964207861440880E+002 -0.965757120975452E+002
  0.150304124315330E+002  0.676529867858513E+002  0.318178469123084E+000  0.682564323168558E+000 -0.867419694022590E+001 -0.964210114259771E+002 -0.964210114259771E+002 -0.964405414259434E+002
  0.193901841581815E+002  0.668102192816930E+002  0.325384636324310E+000  0.676016716282680E+000 -0.867419694022590E+001 -0.964197067662564E+002 -0.964197067662564E+002 -0.964384715955826E+002
  0.161429928722562E+002  0.663868453930367E+002  0.331343838306206E+000  0.691303278378229E+000 -0.867419694022590E+001 -0.964262168526935E+002 -0.964262168526935E+002 -0.964438337509678E+002
  0.159739240969592E+002  0.678668575984408E+002  0.319069370238809E+000  0.691842352761624E+000 -0.867419694022590E+001 -0.964261212779158E+002 -0.964261212779158E+002 -0.964463074728199E+002
  0.188301022570631E+002  0.675013377193237E+002  0.322349691990385E+000  0.694044863509556E+000 -0.867419694022590E+001 -0.964194375667408E+002 -0.964194375667408E+002 -0.964363874859459E+002
  0.171761639479697E+002  0.665471089490543E+002  0.332978650202447E+000  0.681087161110720E+000 -0.867419694022590E+001 -0.964179498043216E+002 -0.964179498043216E+002 -0.964523026404861E+002
  0.163914167812295E+002  0.667285838497224E+002  0.332048388282866E+000  0.695041502432576E+000 -0.867419694022590E+001 -0.964254467148577E+002 -0.964254467148577E+002 -0.964639844779288E+002
  0.145658569688665E+002  0.664298928420265E+002  0.333028954650772E+000  0.691543554154033E+000 -0.867419694022590E+001 -0.964246732003139E+002 -0.964246732003139E+002 -0.964364940450265E+002
  0.140557383486287E+002  0.665864718644149E+002  0.331121049163342E+000  0.683493218623469E+000 -0.867419694022590E+001 -0.964146716070353E+002 -0.964146716070353E+002 -0.964381998903409E+002
  0.178267239039619E+002  0.671571373648528E+002  0.321580487034326E+000  0.685011605552028E+000 -0.867419694022590E+001 -0.964183239492349E+002 -0.964183239492349E+002 -0.964354178335839E+002
  0.140065713432700E+002  0.670962431626556E+002  0.326434231545750E+000  0.682897038461796E+000 -0.867419694022590E+001 -0.964083046460141E+002 -0.964083046460141E+002 -0.964276150120755E+002
  0.158156325427961E+002  0.679007948405997E+002  0.320295396631336E+000  0.680412073153725E+000 -0.867419694022590E+001 -0.964246475423393E+002 -0.964246475423393E+002 -0.968391680130259E+002
  0.143533266069753E+002  0.675092020498802E+002  0.325657320937173E+000  0.684712863314617E+000 -0.867419694022590E+001 -0.964185969109003E+002 -0.964185969109003E+002 -0.964506442719409E+002
  0.174924092316079E+002  0.671186220039240E+002  0.321971151794956E+000  0.687361898275371E+000 -0.867419694022590E+001 -0.964190252311110E+002 -0.964190252311110E+002 -0.964276150120755E+002
  0.172121408364289E+002  0.672057712987481E+002  0.323785580142103E+000  0.669724400450545E+000 -0.867419694022590E+001 -0.964216391443977E+002 -0.964216391443977E+002 -0.964907872502524E+002
  0.169620160068237E+002  0.672497948654294E+002  0.326415111253329E+000  0.669511564059047E+000 -0.867419694022590E+001 -0.964233133504167E+002 -0.964233133504167E+002 -0.964276150120755E+002
  0.176626577028834E+002  0.676677524304607E+002  0.321077628971618E+000  0.682889785097181E+000 -0.867419694022590E+001 -0.964155807273434E+002 -0.964155807273434E+002 -0.964276150120755E+002
  0.188008458529594E+002  0.665711707240251E+002  0.327183834574500E+000  0.679570902724423E+000 -0.867419694022590E+001 -0.964233245577204E+002 -0.964233245577204E+002 -0.964276150120755E+002
  0.169318026768106E+002  0.670242143334053E+002  0.329382172773242E+000  0.680986429144688E+000 -0.867419694022590E+001 -0.964130111202307E+002 -0.964130111202307E+002 -0.964276150120755E+002
  0.152129105141431E+002  0.674933654437727E+002  0.324052317911998E+000  0.674110918780391E+000 -0.867419694022590E+001 -0.964188837537985E+002 -0.964188837537985E+002 -0.964276150120755E+002
  0.191114791081228E+002  0.672155808632656E+002  0.321596601189784E+000  0.678574564810549E+000 -0.867419694022590E+001 -0.964171586535025E+002 -0.964171586535025E+002 -0.964276150120755E+002
  0.163691528044652E+002  0.672860504975887E+002  0.324807495699480E+000  0.675508459542074E+000 -0.867419694022590E+001 -0.964129869298748E+002 -0.964129869298748E+002 -0.964276150120755E+002
  0.186490311486559E+002  0.671484638218692E+002  0.323039908645250E+000  0.696119505123982E+000 -0.867419694022590E+001 -0.964236694132617E+002 -0.964236694132617E+002 -0.964276150120755E+002
  0.161405916321322E+002  0.679208721485589E+002  0.320165750953829E+000  0.677978152624908E+000 -0.867419694022590E+001 -0.964269848773926E+002 -0.964269848773926E+002 -0.964276150120755E+002
  0.194005172429693E+002  0.672046008986760E+002  0.328377875863551E+000  0.672471882960413E+000 -0.867419694022590E+001 -0.964230023520096E+002 -0.964230023520096E+002 -0.964276150120755E+002
  0.170622168228298E+002  0.675253933941324E+002  0.325764065887994E+000  0.680384109254339E+000 -0.867419694022590E+001 -0.964205284068880E+002 -0.964205284068880E+002 -0.964276150120755E+002
  0.142966941605530E+002  0.676138072020936E+002  0.323941502241724E+000  0.685844083437654E+000 -0.867419694022590E+001 -0.964182555273457E+002 -0.964182555273457E+002 -0.964276150120755E+002
  0.165890499628399E+002  0.670867960419055E+002  0.326493278798997E+000  0.675175688616017E+000 -0.867419694022590E+001 -0.964123771613098E+002 -0.964123771613098E+002 -0.964276150120755E+002
  0.146502965919529E+002  0.664488210386953E+002  0.331199677909430E+000  0.681316751009428E+000 -0.867419694022590E+001 -0.964186342030212E+002 -0.964186342030212E+002 -0.964276150120755E+002
  0.422673030052152E+000  0.665171041874810E+002  0.327598853484506E+000  0.685322978483166E+000 -0.867419694022590E+001 -0.964250401794845E+002 -0.964250401794845E+002 -0.964365403405141E+002
  0.197195839616413E+001  0.673305177191475E+002  0.325510115805980E+000  0.671376912781600E+000 -0.867419694022590E+001 -0.964203970227920E+002 -0.964203970227920E+002 -0.964403063069629E+002
  0.462323338700287E+000  0.663631974078660E+002  0.332921585597436E+000  0.681492616100162E+000 -0.867419694022590E+001 -0.964211188154610E+002 -0.964211188154610E+002 -0.964480577466814E+002
 -0.286114451576075E+001  0.667513056183695E+002  0.331283967063018E+000  0.685172748292648E+000 -0.867419694022590E+001 -0.964142176566490E+002 -0.964142176566490E+002 -0.964606348987838E+002
 -0.859711644477045E+000  0.663213649090165E+002  0.332315314715449E+000  0.680561836330978E+000 -0.867419694022590E+001 -0.964230755718184E+002 -0.964230755718184E+002 -0.964395812062303E+002
 -0.157299559116896E+001  0.667679096628297E+002  0.331521732166652E+000  0.696176291056891E+000 -0.867419694022590E+001 -0.964261038986011E+002 -0.964261038986011E+002 -0.964526821313473E+002
  0.490738336494350E+001  0.672681945469893E+002  0.324747125007280E+000  0.677308498410689E+000 -0.867419694022590E+001 -0.964110987139549E+002 -0.964110987139549E+002 -0.964375360771168E+002
 -0.152589574309911E+001  0.675534185327241E+002  0.320770608708124E+000  0.679980541250027E+000 -0.867419694022590E+001 -0.964146647768693E+002 -0.964146647768693E+002 -0.964363227788456E+002
  0.625824839538886E+001  0.671838165363619E+002  0.321008859881563E+000  0.689694487443209E+000 -0.867419694022590E+001 -0.964227941666825E+002 -0.964227941666825E+002 -0.964491564659956E+002
 -0.773600633405124E+000  0.667704461363501E+002  0.326686478951470E+000  0.673806615624220E+000 -0.867419694022590E+001 -0.964193672730668E+002 -0.964193672730668E+002 -0.965382381270654E+002
  0.354018927148960E+001  0.670904307178979E+002  0.321372569778729E+000  0.679620205046864E+000 -0.867419694022590E+001 -0.964230600940899E+002 -0.964230600940899E+002 -0.964480577466814E+002
 -0.679390700479221E+000  0.666102376134243E+002  0.328037239070023E+000  0.686555822979251E+000 -0.867419694022590E+001 -0.964185278955848E+002 -0.964185278955848E+002 -0.964674080792512E+002
  0.877458671870358E+001  0.675483348317180E+002  0.325432060735190E+000  0.679203019462559E+000 -0.867419694022590E+001 -0.964210373970768E+002 -0.964210373970768E+002 -0.964462840792733E+002
  0.235243480037451E+001  0.669229296086030E+002  0.324483195007940E+000  0.693964146414468E+000 -0.867419694022590E+001 -0.964232796566083E+002 -0.964232796566083E+002 -0.964438924430799E+002
 -0.358440856015115E+000  0.679259045587375E+002  0.320133919372083E+000  0.681402977473027E+000 -0.867419694022590E+001 -0.964253127810562E+002 -0.964253127810562E+002 -0.964276139200903E+002
  0.751048079710115E+001  0.667256946350040E+002  0.331857500153958E+000  0.683672748618091E+000 -0.867419694022590E+001 -0.964152752769342E+002 -0.964152752769342E+002 -0.964446266580149E+002
  0.109497262849389E+002  0.664636078838357E+002  0.334275980442085E+000  0.673840534733932E+000 -0.867419694022590E+001 -0.964268998125278E+002 -0.964268998125278E+002 -0.964375360771168E+002
  0.926488571169767E+001  0.677654298562545E+002  0.321032729151346E+000  0.679993847228638E+000 -0.867419694022590E+001 -0.964196178692764E+002 -0.964196178692764E+002 -0.964687947916675E+002
  0.566803299181372E+001  0.674822991676473E+002  0.325494780555239E+000  0.690351486825325E+000 -0.867419694022590E+001 -0.964196347330676E+002 -0.964196347330676E+002 -0.964311797952303E+002
  0.881892098331499E+001  0.674763102678082E+002  0.323637934774435E+000  0.683955455985258E+000 -0.867419694022590E+001 -0.964119639806211E+002 -0.964119639806211E+002 -0.964365403405141E+002
 -0.135762628354478E+001  0.667428637977349E+002  0.331373650525216E+000  0.686368680100471E+000 -0.867419694022590E+001 -0.964148587554886E+002 -0.964148587554886E+002 -0.964342049487972E+002
  0.651727952494731E+001  0.673387863073877E+002  0.321295358125666E+000  0.678308235806106E+000 -0.867419694022590E+001 -0.964154119069807E+002 -0.964154119069807E+002 -0.964364352341268E+002
  0.768128497804728E+001  0.675191593983137E+002  0.318482021196112E+000  0.676748521504674E+000 -0.867419694022590E+001 -0.964246611590439E+002 -0.964246611590439E+002 -0.964332158216327E+002
  0.109344605335257E+002  0.669739028314738E+002  0.328448210397253E+000  0.683613348415697E+000 -0.867419694022590E+001 -0.964096644981884E+002 -0.964096644981884E+002 -0.964358112403328E+002
  0.856473142024770E+001  0.664290782440517E+002  0.334761160758932E+000  0.685005351810218E+000 -0.867419694022590E+001 -0.964234339038801E+002 -0.964234339038801E+002 -0.964294022933374E+002
  0.356198075313835E+001  0.668012580171890E+002  0.332437828515511E+000  0.690619243039373E+000 -0.867419694022590E+001 -0.964224968068985E+002 -0.964224968068985E+002 -0.964325912181011E+002
  0.421833090533737E+001  0.673502849194424E+002  0.326370454260054E+000  0.670537793437876E+000 -0.867419694022590E+001 -0.964248394993284E+002 -0.964248394993284E+002 -0.964277039003984E+002
  0.174958580677115E+001  0.669121279417018E+002  0.326757900013887E+000  0.696706677595622E+000 -0.867419694022590E+001 -0.964222978638778E+002 -0.964222978638778E+002 -0.964708508284682E+002
 -0.137325035220080E+001  0.668611571206041E+002  0.325633767545388E+000  0.696978601548862E+000 -0.867419694022590E+001 -0.964268036387671E+002 -0.964268036387671E+002 -0.964280342982589E+002
 -0.274125725152059E+001  0.678357536207800E+002  0.322629954523830E+000  0.681074173335498E+000 -0.867419694022590E+001 -0.964269330518327E+002 -0.964269330518327E+002 -0.964325662020445E+002
  0.987510919697886E+001  0.671538094860383E+002  0.329602081399200E+000  0.687098516627362E+000 -0.867419694022590E+001 -0.964192351711298E+002 -0.964192351711298E+002 -0.964600877740383E+002
 -0.227312287243063E+001  0.677653019049390E+002  0.318401364619482E+000  0.678160503049099E+000 -0.867419694022590E+001 -0.964223891287563E+002 -0.964223891287563E+002 -0.965199465949559E+002
  0.746449402564241E+001  0.670294412281654E+002  0.327033726970002E+000  0.683783190472223E+000 -0.867419694022590E+001 -0.964084952788316E+002 -0.964084952788316E+002 -0.964622346159441E+002
 -0.713504440622195E+000  0.666110218182878E+002  0.328067836773878E+000  0.686281930330479E+000 -0.867419694022590E+001 -0.964182585279056E+002 -0.964182585279056E+002 -0.964321970849864E+002
 -0.129738751412111E+001  0.677571426377924E+002  0.323370246458281E+000  0.685327864991353E+000 -0.867419694022590E+001 -0.964243006468994E+002 -0.964243006468994E+002 -0.964275581345792E+002
  0.341016635878120E+001  0.665912132382127E+002  0.327759719121848E+000  0.690084405247586E+000 -0.867419694022590E+001 -0.964231112133125E+002 -0.964231112133125E+002 -0.964324012129001E+002
  0.965044255544438E+001  0.672781946187194E+002  0.320892619104357E+000  0.677991525951801E+000 -0.867419694022590E+001 -0.964186775886427E+002 -0.964186775886427E+002 -0.964403063069629E+002
  0.138656913149065E+001  0.668605851949250E+002  0.325104951485627E+000  0.678587969003285E+000 -0.867419694022590E+001 -0.964165660432259E+002 -0.964165660432259E+002 -0.964451295763631E+002
  0.420252429075798E+001  0.677064645596433E+002  0.319066798450222E+000  0.681410681844363E+000 -0.867419694022590E+001 -0.964186442527874E+002 -0.964186442527874E+002 -0.964409419621428E+002
  0.876402716074796E+000  0.677548040816110E+002  0.322789866501726E+000  0.682908090984937E+000 -0.867419694022590E+001 -0.964219734973537E+002 -0.964219734973537E+002 -0.964462840792733E+002
  0.607854704456747E+001  0.665730926457686E+002  0.332090453387657E+000  0.670245455108565E+000 -0.867419694022590E+001 -0.964264333361707E+002 -0.964264333361707E+002 -0.964304450846365E+002
  0.597200508499096E+001  0.673944669179562E+002  0.323739134607688E+000  0.678166328410728E+000 -0.867419694022590E+001 -0.964119101604144E+002 -0.964119101604144E+002 -0.964402191953838E+002
  0.994957972515977E+001  0.675021558979958E+002  0.324232421289808E+000  0.682098338319056E+000 -0.867419694022590E+001 -0.964138628815401E+002 -0.964138628815401E+002 -0.964328191404330E+002
  0.102326129073465E+002  0.678156900063698E+002  0.321444590337518E+000  0.685788837278324E+000 -0.867419694022590E+001 -0.964220021496240E+002 -0.964220021496240E+002 -0.964800755352648E+002
  0.530414097379773E+001  0.667166184508247E+002  0.330805618627085E+000  0.690689054243702E+000 -0.867419694022590E+001 -0.964169584283467E+002 -0.964169584283467E+002 -0.968301464543364E+002
  0.842416881227052E+001  0.679333883520438E+002  0.319297537096320E+000  0.683891691808077E+000 -0.867419694022590E+001 -0.964243191100714E+002 -0.964243191100714E+002 -0.964364352341268E+002
  0.625791810262273E+001  0.672254028966221E+002  0.322126273331187E+000  0.692821275320660E+000 -0.867419694022590E+001 -0.964197768658689E+002 -0.964197768658689E+002 -0.964417246799644E+002
  0.633535240124027E+001  0.672480263448374E+002  0.324498635013027E+000  0.687985702663853E+000 -0.867419694022590E+001 -0.964103544380679E+002 -0.964103544380679E+002 -0.965127999619626E+002
  0.100798976221245E+002  0.664251161576287E+002  0.328986098486585E+000  0.680532549537003E+000 -0.867419694022590E+001 -0.964251319423436E+002 -0.964251319423436E+002 -0.964391169451335E+002
  0.174392786559515E+001  0.670109962503376E+002  0.325968913216960E+000  0.678558616330685E+000 -0.867419694022590E+001 -0.964101176416995E+002 -0.964101176416995E+002 -0.964417246799644E+002
  0.665974806374602E+001  0.675646425402662E+002  0.320540639619451E+000  0.681170992945979E+000 -0.867419694022590E+001 -0.964146944665307E+002 -0.964146944665307E+002 -0.964365403405141E+002
  0.328662521571329E+001  0.673451127681535E+002  0.322037579523365E+000  0.687707990466157E+000 -0.867419694022590E+001 -0.964130892873535E+002 -0.964130892873535E+002 -0.964346027769515E+002
  0.534536228855509E+001  0.679149879544634E+002  0.317305617502531E+000  0.687308897008519E+000 -0.867419694022590E+001 -0.964259850059472E+002 -0.964259850059472E+002 -0.964480577466814E+002
  0.111652328734251E+001  0.672687565288551E+002  0.326563721400152E+000  0.698682046244655E+000 -0.867419694022590E+001 -0.964268058333364E+002 -0.964268058333364E+002 -0.964289752983122E+002
 -0.202336030282972E+001  0.677008336458424E+002  0.319637433922388E+000  0.682026438711421E+000 -0.867419694022590E+001 -0.964174095760153E+002 -0.964174095760153E+002 -0.964348553853811E+002
 -0.216834806448888E+001  0.675521694793882E+002  0.319215394182036E+000  0.680720461885444E+000 -0.867419694022590E+001 -0.964184672076619E+002 -0.964184672076619E+002 -0.964312931674008E+002
  0.812722891693276E+000  0.673483862784548E+002  0.323944160858649E+000  0.670302914922575E+000 -0.867419694022590E+001 -0.964209258796064E+002 -0.964209258796064E+002 -0.964797689494511E+002
  0.415214621856302E+001  0.676680363262197E+002  0.321781124544322E+000  0.681594479795224E+000 -0.867419694022590E+001 -0.964161334241802E+002 -0.964161334241802E+002 -0.964277039003984E+002
  0.720580231529827E+001  0.672191905652925E+002  0.328580936442961E+000  0.672322097162106E+000 -0.867419694022590E+001 -0.964247890991555E+002 -0.964247890991555E+002 -0.964275581345792E+002
  0.127029140916171E+002  0.675159162434799E+002  0.320084410612214E+000  0.694512160023091E+000 -0.867419694022590E+001 -0.964236755075606E+002 -0.964236755075606E+002 -0.964299205239128E+002
  0.122850845898956E+002  0.672206197718494E+002  0.323202988236997E+000  0.690189278827340E+000 -0.867419694022590E+001 -0.964139095773872E+002 -0.964139095773872E+002 -0.964424442241342E+002
  0.125862948908244E+002  0.665664562914933E+002  0.334032210916571E+000  0.687828628761638E+000 -0.867419694022590E+001 -0.964226999539524E+002 -0.964226999539524E+002 -0.964518518673656E+002
  0.124542796858145E+002  0.675955093544894E+002  0.318595312251306E+000  0.691656102766086E+000 -0.867419694022590E+001 -0.964243450871285E+002 -0.964243450871285E+002 -0.964673280703077E+002
  0.120254105510171E+002  0.666029404824204E+002  0.326398242466718E+000  0.679025272435210E+000 -0.867419694022590E+001 -0.964251562714916E+002 -0.964251562714916E+002 -0.964616826379879E+002
  0.135344844181283E+002  0.672593650580896E+002  0.322553224551888E+000  0.698560433173817E+000 -0.867419694022590E+001 -0.964270290320234E+002 -0.964270290320234E+002 -0.964769944968658E+002
  0.118410896629036E+002  0.676673686974682E+002  0.320351907415658E+000  0.681668049339077E+000 -0.867419694022590E+001 -0.964160788107811E+002 -0.964160788107811E+002 -0.964653164837702E+002
  0.116993608967621E+002  0.663511724806233E+002  0.334698931340872E+000  0.688260527231738E+000 -0.867419694022590E+001 -0.964256854750291E+002 -0.964256854750291E+002 -0.964619673582240E+002
  0.117292091134060E+002  0.669126060587779E+002  0.327021655760397E+000  0.690080078822260E+000 -0.867419694022590E+001 -0.964129324346215E+002 -0.964129324346215E+002 -0.964491564659956E+002
  0.127096371091788E+002  0.676463016935627E+002  0.324990447248335E+000  0.682365557891502E+000 -0.867419694022590E+001 -0.964239839241842E+002 -0.964239839241842E+002 -0.965245417151160E+002
  0.127051320510080E+002  0.670570092328460E+002  0.329730984207651E+000  0.673864885768081E+000 -0.867419694022590E+001 -0.964208780804865E+002 -0.964208780804865E+002 -0.964503274221995E+002
  0.129467928179166E+002  0.667353364051904E+002  0.327532728428280E+000  0.690493257173980E+000 -0.867419694022590E+001 -0.964174474160153E+002 -0.964174474160153E+002 -0.964311237485825E+002
  0.131043587123272E+002  0.672188200927553E+002  0.324007490136260E+000  0.691181454115289E+000 -0.867419694022590E+001 -0.964135326110694E+002 -0.964135326110694E+002 -0.964406097600696E+002
  0.120245354012474E+002  0.678262764361330E+002  0.320359768465632E+000  0.689271619786567E+000 -0.867419694022590E+001 -0.964226708622935E+002 -0.964226708622935E+002 -0.964311237485825E+002
  0.114338225035455E+002  0.669415861843844E+002  0.332481611758369E+000  0.684303353338766E+000 -0.867419694022590E+001 -0.964242589743962E+002 -0.964242589743962E+002 -0.964311237485825E+002
  0.126052061845603E+002  0.665749579972956E+002  0.330534820373951E+000  0.691193575821736E+000 -0.867419694022590E+001 -0.964197185643495E+002 -0.964197185643495E+002 -0.964299205239128E+002
