  0.685520843819339E+001  0.672079453699698E+002  0.331778395871107E+000 -0.706475902779180E+001 -0.704523466510515E+003 -0.704523466510515E+003
  0.112388656671695E+002  0.671888779136797E+002  0.331557747998659E+000 -0.706475902779180E+001 -0.704523199355795E+003 -0.704523199355795E+003
  0.104538599570183E+002  0.671924394831816E+002  0.331231605479084E+000 -0.706475902779180E+001 -0.704522982560002E+003 -0.704522982560002E+003
  0.613550533737883E+001  0.672447022160956E+002  0.331425497522944E+000 -0.706475902779180E+001 -0.704522905071919E+003 -0.704522905071919E+003
  0.867387582975718E+001  0.674176852649950E+002  0.331177101056962E+000 -0.706475902779180E+001 -0.704523440947662E+003 -0.704523440947662E+003
  0.766758451981923E+001  0.672153123451410E+002  0.330509042703913E+000 -0.706475902779180E+001 -0.704523624897599E+003 -0.704523624897599E+003
  0.684237820004394E+001  0.673255877493814E+002  0.331420140462672E+000 -0.706475902779180E+001 -0.704523014023840E+003 -0.704523014023840E+003
  0.991969407999792E+001  0.673697909260320E+002  0.331266669886399E+000 -0.706475902779180E+001 -0.704523112982390E+003 -0.704523112982390E+003
  0.108297450605292E+002  0.672103269857029E+002  0.331262166035428E+000 -0.706475902779180E+001 -0.704522905109397E+003 -0.704522905109397E+003
  0.112106641037193E+002  0.672647147673464E+002  0.330648963144571E+000 -0.706475902779180E+001 -0.704523163137803E+003 -0.704523163137803E+003
  0.931605544418313E+001  0.672250593559772E+002  0.331183199681517E+000 -0.706475902779180E+001 -0.704522842178309E+003 -0.704522842178309E+003
  0.827201222838331E+001  0.671921176158573E+002  0.331220348333956E+000 -0.706475902779180E+001 -0.704522983506689E+003 -0.704522983506689E+003
  0.113815334141713E+002  0.672389654901248E+002  0.331726010099360E+000 -0.706475902779180E+001 -0.704523314932672E+003 -0.704523314932672E+003
  0.788960268635557E+001  0.671890695752844E+002  0.330691534673564E+000 -0.706475902779180E+001 -0.704523435946673E+003 -0.704523435946673E+003
  0.896110288959048E+001  0.672727006298960E+002  0.330413282475913E+000 -0.706475902779180E+001 -0.704523614753279E+003 -0.704523614753279E+003
  0.979349909201347E+001  0.672802947974795E+002  0.331759831443647E+000 -0.706475902779180E+001 -0.704523406439301E+003 -0.704523406439301E+003
  0.707468996466037E+001  0.673474044184043E+002  0.330624322509205E+000 -0.706475902779180E+001 -0.704523249306632E+003 -0.704523249306632E+003
