 -0.108897260877737E+002  0.673471173204687E+002  0.330483722451241E+000 -0.706475902779180E+001 -0.704523486687267E+003 -0.704523486687267E+003
 -0.109303195632525E+002  0.672475426967729E+002  0.331395640998375E+000 -0.706475902779180E+001 -0.704522877237447E+003 -0.704522877237447E+003
 -0.115908964057014E+002  0.673590477915207E+002  0.330730343882268E+000 -0.706475902779180E+001 -0.704523158469424E+003 -0.704523158469424E+003
 -0.117415954588080E+002  0.674323150263941E+002  0.330871260278106E+000 -0.706475902779180E+001 -0.704523561511059E+003 -0.704523561511059E+003
 -0.113079162243858E+002  0.673752842837684E+002  0.330893377191219E+000 -0.706475902779180E+001 -0.704523111549990E+003 -0.704523111549990E+003
 -0.117653062628139E+002  0.672092211115009E+002  0.331366215001822E+000 -0.706475902779180E+001 -0.704522951262049E+003 -0.704522951262049E+003
 -0.114758563125616E+002  0.672546800755079E+002  0.331799955187348E+000 -0.706475902779180E+001 -0.704523457952655E+003 -0.704523457952655E+003
 -0.118619267388178E+002  0.671209042804624E+002  0.331146747852299E+000 -0.706475902779180E+001 -0.704523547173163E+003 -0.704523547173163E+003
 -0.117559330655750E+002  0.673439478953888E+002  0.331122343720119E+000 -0.706475902779180E+001 -0.704522909623684E+003 -0.704522909623684E+003
 -0.112920274250312E+002  0.673011923231248E+002  0.330820768202628E+000 -0.706475902779180E+001 -0.704522918425507E+003 -0.704522918425507E+003
 -0.122102536510811E+002  0.672578674347228E+002  0.331095496937801E+000 -0.706475902779180E+001 -0.704522774883453E+003 -0.704522774883453E+003
 -0.118923777091821E+002  0.673897865931919E+002  0.331014336590113E+000 -0.706475902779180E+001 -0.704523171072358E+003 -0.704523171072358E+003
