 -0.184744741585574E+002  0.672159919845002E+002  0.330770394879956E+000 -0.706475902779180E+001 -0.704523155217074E+003 -0.704523155217074E+003
 -0.186586494796292E+002  0.671772042752034E+002  0.330818209138413E+000 -0.706475902779180E+001 -0.704523331427602E+003 -0.704523331427602E+003
 -0.181253883962110E+002  0.672125883750745E+002  0.330600172936427E+000 -0.706475902779180E+001 -0.704523452162109E+003 -0.704523452162109E+003
 -0.188644867390861E+002  0.673827399776512E+002  0.331553075448994E+000 -0.706475902779180E+001 -0.704523547003353E+003 -0.704523547003353E+003
 -0.193537948866752E+002  0.673771622191086E+002  0.331260723707839E+000 -0.706475902779180E+001 -0.704523158862808E+003 -0.704523158862808E+003
 -0.187367407880650E+002  0.673473472476127E+002  0.330455912189897E+000 -0.706475902779180E+001 -0.704523542127019E+003 -0.704523542127019E+003
 -0.190646786477567E+002  0.672092190007430E+002  0.330987059274160E+000 -0.706475902779180E+001 -0.704522969384948E+003 -0.704522969384948E+003
 -0.187752639841097E+002  0.672195566892428E+002  0.331570283112448E+000 -0.706475902779180E+001 -0.704523106185322E+003 -0.704523106185322E+003
 -0.183086333620986E+002  0.673559270635261E+002  0.330471833286132E+000 -0.706475902779180E+001 -0.704523537238566E+003 -0.704523537238566E+003
 -0.183557556783617E+002  0.672967375202797E+002  0.330638227047378E+000 -0.706475902779180E+001 -0.704523146078075E+003 -0.704523146078075E+003
 -0.188804755064218E+002  0.671568556251794E+002  0.330844103304124E+000 -0.706475902779180E+001 -0.704523461301484E+003 -0.704523461301484E+003
 -0.187472540620274E+002  0.672593216748431E+002  0.331365317934544E+000 -0.706475902779180E+001 -0.704522845372635E+003 -0.704522845372635E+003
 -0.183623538021666E+002  0.674104162761672E+002  0.330686955632532E+000 -0.706475902779180E+001 -0.704523511955091E+003 -0.704523511955091E+003
 -0.188117962874704E+002  0.672962046977802E+002  0.331342145879783E+000 -0.706475902779180E+001 -0.704522855593225E+003 -0.704522855593225E+003
 -0.194178385219318E+002  0.674005970716257E+002  0.331462876962341E+000 -0.706475902779180E+001 -0.704523562526565E+003 -0.704523562526565E+003
 -0.183367948245978E+002  0.674061800177710E+002  0.330967282583030E+000 -0.706475902779180E+001 -0.704523302051475E+003 -0.704523302051475E+003
 -0.180210561639374E+002  0.672599198780875E+002  0.330986269488543E+000 -0.706475902779180E+001 -0.704522810430243E+003 -0.704522810430243E+003
 -0.181898684685415E+002  0.672017652396225E+002  0.331697701577599E+000 -0.706475902779180E+001 -0.704523342266324E+003 -0.704523342266324E+003
 -0.184204858549605E+002  0.671138294318965E+002  0.331281038306329E+000 -0.706475902779180E+001 -0.704523594990406E+003 -0.704523594990406E+003
