 -0.433552152304646E+000  0.673817079833470E+002  0.331258622582677E+000 -0.706475902779180E+001 -0.704523189969533E+003 -0.704523189969533E+003
  0.449897382663332E+001  0.673447192938860E+002  0.331454210566193E+000 -0.706475902779180E+001 -0.704523144211310E+003 -0.704523144211310E+003
  0.764311650629736E+000  0.674222165788799E+002  0.331252257282716E+000 -0.706475902779180E+001 -0.704523535167747E+003 -0.704523535167747E+003
  0.252191646003155E+000  0.673473904864260E+002  0.331077354611706E+000 -0.706475902779180E+001 -0.704522921289821E+003 -0.704522921289821E+003
  0.343518148053224E+001  0.674344607923956E+002  0.331112046708070E+000 -0.706475902779180E+001 -0.704523577606545E+003 -0.704523577606545E+003
 -0.628597524034493E+000  0.671558488342810E+002  0.331275544520926E+000 -0.706475902779180E+001 -0.704523220595416E+003 -0.704523220595416E+003
  0.107559469268075E+001  0.672572226727863E+002  0.331286150075937E+000 -0.706475902779180E+001 -0.704522801096282E+003 -0.704522801096282E+003
 -0.570830511926797E+000  0.671870093977168E+002  0.330766715249062E+000 -0.706475902779180E+001 -0.704523332325662E+003 -0.704523332325662E+003
  0.322253927860486E+001  0.672559246578002E+002  0.331213174123192E+000 -0.706475902779180E+001 -0.704522778753374E+003 -0.704522778753374E+003
  0.141323300835867E+001  0.672997121867438E+002  0.331456675138592E+000 -0.706475902779180E+001 -0.704522969493018E+003 -0.704522969493018E+003
 -0.109068403570707E+001  0.673676351884357E+002  0.331294210148466E+000 -0.706475902779180E+001 -0.704523119271903E+003 -0.704523119271903E+003
  0.423542322850740E+001  0.671737195413624E+002  0.331501153684179E+000 -0.706475902779180E+001 -0.704523219237775E+003 -0.704523219237775E+003
  0.107693110284345E+000  0.673133418114828E+002  0.330794529612079E+000 -0.706475902779180E+001 -0.704522957953756E+003 -0.704522957953756E+003
  0.129131441715051E+001  0.673135516936663E+002  0.330935879856432E+000 -0.706475902779180E+001 -0.704522849157994E+003 -0.704522849157994E+003
  0.455216178008238E+001  0.672320367961914E+002  0.330768150025983E+000 -0.706475902779180E+001 -0.704523086845093E+003 -0.704523086845093E+003
  0.302711349933012E+001  0.673251606689990E+002  0.330748655346120E+000 -0.706475902779180E+001 -0.704523028306091E+003 -0.704523028306091E+003
  0.285148641402959E+001  0.673110399649848E+002  0.331606972437140E+000 -0.706475902779180E+001 -0.704523211439895E+003 -0.704523211439895E+003
  0.462829923407286E+001  0.672041755227665E+002  0.330617584283072E+000 -0.706475902779180E+001 -0.704523468868753E+003 -0.704523468868753E+003
  0.441510904839586E+001  0.673326714794461E+002  0.330961829874219E+000 -0.706475902779180E+001 -0.704522886286143E+003 -0.704522886286143E+003
  0.927926350423203E+000  0.672322198180875E+002  0.331386272500933E+000 -0.706475902779180E+001 -0.704522895791318E+003 -0.704522895791318E+003
  0.373404586279947E+001  0.674016711859117E+002  0.330885629197876E+000 -0.706475902779180E+001 -0.704523292645544E+003 -0.704523292645544E+003
  0.416984939353660E+001  0.672777924365045E+002  0.330507654495462E+000 -0.706475902779180E+001 -0.704523397012326E+003 -0.704523397012326E+003
