 -0.176694103505207E+002  0.672834251890165E+002  0.331322339100732E+000 -0.706475902779180E+001 -0.704522823294259E+003 -0.704522823294259E+003
 -0.173642631785829E+002  0.672467515544417E+002  0.330914751564120E+000 -0.706475902779180E+001 -0.704522884248158E+003 -0.704522884248158E+003
 -0.161409515463000E+002  0.672553977016399E+002  0.331224441285445E+000 -0.706475902779180E+001 -0.704522781823122E+003 -0.704522781823122E+003
 -0.151189147002477E+002  0.672296668774784E+002  0.330778266127592E+000 -0.706475902779180E+001 -0.704523083099222E+003 -0.704523083099222E+003
 -0.158354994445592E+002  0.673387765746129E+002  0.330620091157619E+000 -0.706475902779180E+001 -0.704523229869174E+003 -0.704523229869174E+003
 -0.178334737943097E+002  0.673377476828727E+002  0.330451103012289E+000 -0.706475902779180E+001 -0.704523528194236E+003 -0.704523528194236E+003
 -0.167010023784425E+002  0.672899908785242E+002  0.330551228818404E+000 -0.706475902779180E+001 -0.704523297572159E+003 -0.704523297572159E+003
 -0.172238544766267E+002  0.674332085770355E+002  0.331074192122029E+000 -0.706475902779180E+001 -0.704523552969706E+003 -0.704523552969706E+003
 -0.152084000641515E+002  0.674062218264949E+002  0.330770197013890E+000 -0.706475902779180E+001 -0.704523400924989E+003 -0.704523400924989E+003
 -0.155430201521461E+002  0.673893416798319E+002  0.330607014133453E+000 -0.706475902779180E+001 -0.704523468191714E+003 -0.704523468191714E+003
 -0.168895440221996E+002  0.672019869670997E+002  0.330539870000172E+000 -0.706475902779180E+001 -0.704523639588971E+003 -0.704523639588971E+003
 -0.175720899136168E+002  0.673304808955414E+002  0.330690483743507E+000 -0.706475902779180E+001 -0.704523110523894E+003 -0.704523110523894E+003
