  0.160186531913113E+002  0.674288877824336E+002  0.330981253448234E+000 -0.706475902779180E+001 -0.704523501804948E+003 -0.704523501804948E+003
  0.151551437479266E+002  0.674378921869990E+002  0.331034903241970E+000 -0.706475902779180E+001 -0.704523593691633E+003 -0.704523593691633E+003
  0.142313608419586E+002  0.672120414789884E+002  0.330937752011469E+000 -0.706475902779180E+001 -0.704522992486094E+003 -0.704522992486094E+003
  0.154696905003231E+002  0.671378572200844E+002  0.331386405454912E+000 -0.706475902779180E+001 -0.704523394978434E+003 -0.704523394978434E+003
  0.135035565032262E+002  0.674397471120881E+002  0.331094881503848E+000 -0.706475902779180E+001 -0.704523627169083E+003 -0.704523627169083E+003
  0.169914942334084E+002  0.672948995888216E+002  0.331414190116571E+000 -0.706475902779180E+001 -0.704522914366355E+003 -0.704522914366355E+003
  0.187558638411981E+002  0.673047954929431E+002  0.331381885668681E+000 -0.706475902779180E+001 -0.704522907225427E+003 -0.704522907225427E+003
  0.180642619266269E+002  0.671938380436376E+002  0.331177803886275E+000 -0.706475902779180E+001 -0.704522975269465E+003 -0.704522975269465E+003
  0.192837729577097E+002  0.672194286921556E+002  0.331798320522372E+000 -0.706475902779180E+001 -0.704523479381833E+003 -0.704523479381833E+003
  0.171787383537521E+002  0.673865819705054E+002  0.330543156534253E+000 -0.706475902779180E+001 -0.704523548669468E+003 -0.704523548669468E+003
  0.125529056053281E+002  0.671891062734264E+002  0.331380132558597E+000 -0.706475902779180E+001 -0.704523047521369E+003 -0.704523047521369E+003
  0.162439481731985E+002  0.674046019313457E+002  0.331086271129566E+000 -0.706475902779180E+001 -0.704523290716984E+003 -0.704523290716984E+003
  0.171854367659398E+002  0.673092408503464E+002  0.331108487694344E+000 -0.706475902779180E+001 -0.704522794646282E+003 -0.704522794646282E+003
  0.134725488384924E+002  0.672586499537885E+002  0.331678475712944E+000 -0.706475902779180E+001 -0.704523226561253E+003 -0.704523226561253E+003
  0.121054897604517E+002  0.672170087742062E+002  0.330535599670936E+000 -0.706475902779180E+001 -0.704523557781516E+003 -0.704523557781516E+003
  0.162079702521563E+002  0.673420846532643E+002  0.331179773299686E+000 -0.706475902779180E+001 -0.704522915304467E+003 -0.704522915304467E+003
  0.118387061016793E+002  0.671960976749744E+002  0.331765922734057E+000 -0.706475902779180E+001 -0.704523479756927E+003 -0.704523479756927E+003
  0.165200120545899E+002  0.671515607150304E+002  0.331313718392448E+000 -0.706475902779180E+001 -0.704523260173071E+003 -0.704523260173071E+003
  0.122364756379557E+002  0.672395482759817E+002  0.331718195701054E+000 -0.706475902779180E+001 -0.704523300330429E+003 -0.704523300330429E+003
  0.158590312573807E+002  0.672475925845607E+002  0.330630839592495E+000 -0.706475902779180E+001 -0.704523239521987E+003 -0.704523239521987E+003
  0.157236357255914E+002  0.671634150692502E+002  0.331447931238684E+000 -0.706475902779180E+001 -0.704523239280663E+003 -0.704523239280663E+003
  0.150121206921391E+002  0.671754085404396E+002  0.331064054272122E+000 -0.706475902779180E+001 -0.704523120868375E+003 -0.704523120868375E+003
  0.173176972103467E+002  0.673322124296812E+002  0.331552375308565E+000 -0.706475902779180E+001 -0.704523215239962E+003 -0.704523215239962E+003
  0.162122401918554E+002  0.674149655584086E+002  0.330752409217902E+000 -0.706475902779180E+001 -0.704523484187080E+003 -0.704523484187080E+003
  0.122518999643287E+002  0.673026598478000E+002  0.331243603556365E+000 -0.706475902779180E+001 -0.704522810812193E+003 -0.704522810812193E+003
  0.142732623648696E+002  0.672213162482472E+002  0.331733552699482E+000 -0.706475902779180E+001 -0.704523352528530E+003 -0.704523352528530E+003
  0.168611282020642E+002  0.671599790264932E+002  0.331620003349904E+000 -0.706475902779180E+001 -0.704523430659445E+003 -0.704523430659445E+003
  0.160621604196253E+002  0.671349017014196E+002  0.331289964616599E+000 -0.706475902779180E+001 -0.704523393953056E+003 -0.704523393953056E+003
  0.127373542618355E+002  0.672626307575089E+002  0.331182457042418E+000 -0.706475902779180E+001 -0.704522767594737E+003 -0.704522767594737E+003
  0.183385525604524E+002  0.671613247902305E+002  0.331042101536933E+000 -0.706475902779180E+001 -0.704523236383046E+003 -0.704523236383046E+003
  0.119465283139447E+002  0.673440403914251E+002  0.331505141304416E+000 -0.706475902779180E+001 -0.704523207697331E+003 -0.704523207697331E+003
  0.190334130542058E+002  0.672975946250803E+002  0.330882441147879E+000 -0.706475902779180E+001 -0.704522862923924E+003 -0.704522862923924E+003
  0.176822561294487E+002  0.674259651684262E+002  0.330833180015327E+000 -0.706475902779180E+001 -0.704523521116712E+003 -0.704523521116712E+003
  0.169841736527026E+002  0.674091135598868E+002  0.331043664269011E+000 -0.706475902779180E+001 -0.704523322660671E+003 -0.704523322660671E+003
  0.189913277092457E+002  0.674131164951298E+002  0.331043300197815E+000 -0.706475902779180E+001 -0.704523357219534E+003 -0.704523357219534E+003
  0.182307165349785E+002  0.672019260349379E+002  0.331492336525883E+000 -0.706475902779180E+001 -0.704523075671730E+003 -0.704523075671730E+003
  0.163933748314282E+002  0.672886004353741E+002  0.331394157315433E+000 -0.706475902779180E+001 -0.704522884527531E+003 -0.704522884527531E+003
  0.189068239794149E+002  0.671546402987706E+002  0.331355428076821E+000 -0.706475902779180E+001 -0.704523249902061E+003 -0.704523249902061E+003
  0.154762478353651E+002  0.672142693955351E+002  0.331399988689603E+000 -0.706475902779180E+001 -0.704522954750066E+003 -0.704522954750066E+003
  0.135451225786711E+002  0.673039153403271E+002  0.331392470338189E+000 -0.706475902779180E+001 -0.704522914556838E+003 -0.704522914556838E+003
  0.188527458494407E+002  0.672348133457418E+002  0.331548280632509E+000 -0.706475902779180E+001 -0.704523047731491E+003 -0.704523047731491E+003
  0.192690678888375E+002  0.673915604832504E+002  0.331353652492849E+000 -0.706475902779180E+001 -0.704523349485905E+003 -0.704523349485905E+003
  0.184658141619190E+002  0.672912917881573E+002  0.331679216702059E+000 -0.706475902779180E+001 -0.704523275498285E+003 -0.704523275498285E+003
  0.194900341613326E+002  0.674377348348163E+002  0.331067280196902E+000 -0.706475902779180E+001 -0.704523598034746E+003 -0.704523598034746E+003
  0.119162170362960E+002  0.673084195041470E+002  0.331505981059498E+000 -0.706475902779180E+001 -0.704523053821126E+003 -0.704523053821126E+003
  0.194943320248291E+002  0.671527678689892E+002  0.331166946593649E+000 -0.706475902779180E+001 -0.704523250601051E+003 -0.704523250601051E+003
  0.160637510677429E+002  0.673611603272876E+002  0.331045648364584E+000 -0.706475902779180E+001 -0.704522990003151E+003 -0.704522990003151E+003
  0.165962359775697E+002  0.674086092956631E+002  0.331203713291330E+000 -0.706475902779180E+001 -0.704523372677142E+003 -0.704523372677142E+003
  0.176706864786803E+002  0.671654388416921E+002  0.331329002205122E+000 -0.706475902779180E+001 -0.704523164281739E+003 -0.704523164281739E+003
  0.124157981999692E+002  0.673460277328285E+002  0.331492752453003E+000 -0.706475902779180E+001 -0.704523201594948E+003 -0.704523201594948E+003
  0.119860031653764E+002  0.673755087760207E+002  0.331448038748587E+000 -0.706475902779180E+001 -0.704523334402718E+003 -0.704523334402718E+003
  0.185322232285421E+002  0.673308230464915E+002  0.331030106557759E+000 -0.706475902779180E+001 -0.704522860157091E+003 -0.704522860157091E+003
  0.140799740487997E+002  0.674220397710882E+002  0.331218780140449E+000 -0.706475902779180E+001 -0.704523508583977E+003 -0.704523508583977E+003
  0.132332318549647E+002  0.673976337221177E+002  0.330571787949353E+000 -0.706475902779180E+001 -0.704523570706982E+003 -0.704523570706982E+003
  0.174698623399121E+002  0.671922707147201E+002  0.330916037829720E+000 -0.706475902779180E+001 -0.704523119346358E+003 -0.704523119346358E+003
  0.172893892924810E+002  0.673305710852620E+002  0.331333207816292E+000 -0.706475902779180E+001 -0.704522952972907E+003 -0.704522952972907E+003
