  0.222033670973828E+000  0.141372179481063E+004  0.164439386686295E+002  0.640564350515567E+002  0.293504027259023E+000 -0.706475902779180E+001 -0.707613324900878E+003
  0.222033670973828E+000  0.141375928555854E+004 -0.669229833442472E+001  0.767837218098376E+002  0.309671956127441E+000 -0.706475902779180E+001 -0.707632070274830E+003
  0.222033670973828E+000  0.142046064193713E+004  0.182811522702659E+002  0.562331228813321E+002  0.380927785768935E+000 -0.706475902779180E+001 -0.710982748464124E+003
  0.222033670973828E+000  0.141005067170068E+004 -0.112988940727014E+002  0.732381419035408E+002  0.334637846892901E+000 -0.706475902779180E+001 -0.705777763345899E+003
  0.222033670973828E+000  0.141379717890674E+004 -0.129190117221940E+002  0.772229101292070E+002  0.318096757056706E+000 -0.706475902779180E+001 -0.707651016948931E+003
  0.222033670973828E+000  0.141941036247806E+004 -0.186295588356603E+002  0.566660861719373E+002  0.378713951762772E+000 -0.706475902779180E+001 -0.710457608734590E+003
  0.222033670973828E+000  0.141386967849285E+004  0.123811610304151E+002  0.772558273788988E+002  0.316954070523491E+000 -0.706475902779180E+001 -0.707687266741987E+003
  0.222033670973828E+000  0.141403466222451E+004 -0.191438841869369E+002  0.574556839536340E+002  0.328604929716159E+000 -0.706475902779180E+001 -0.707769758607816E+003
  0.222033670973828E+000  0.141404947357993E+004 -0.388207756626517E+001  0.632376374566516E+002  0.294255691802122E+000 -0.706475902779180E+001 -0.707777164285528E+003
  0.222033670973828E+000  0.141849824193241E+004 -0.181981217929059E+002  0.542972944562071E+002  0.333988924982344E+000 -0.706475902779180E+001 -0.710001548461764E+003
  0.222033670973828E+000  0.141849557736129E+004 -0.131402985969558E+001  0.794174781567752E+002  0.341876098986443E+000 -0.706475902779180E+001 -0.710000216176205E+003
  0.222033670973828E+000  0.141411512824097E+004 -0.171113685539019E+000  0.763498010839832E+002  0.343043447065272E+000 -0.706475902779180E+001 -0.707809991616046E+003
  0.222033670973828E+000  0.141418882430758E+004  0.188449767613940E+002  0.615337483276418E+002  0.374527112913907E+000 -0.706475902779180E+001 -0.707846839649352E+003
  0.222033670973828E+000  0.141431488353527E+004 -0.471220029789506E+001  0.736133463996830E+002  0.361641372691068E+000 -0.706475902779180E+001 -0.707909869263193E+003
  0.222033670973828E+000  0.141771531776225E+004  0.120544324689515E+000  0.567699333979446E+002  0.371185917762509E+000 -0.706475902779180E+001 -0.709610086376684E+003
  0.222033670973828E+000  0.141769386413322E+004 -0.107124426006780E+002  0.572252362456305E+002  0.305161397894652E+000 -0.706475902779180E+001 -0.709599359562172E+003
  0.222033670973828E+000  0.141756240262725E+004  0.693471132017226E+001  0.685792531824314E+002  0.277090911361562E+000 -0.706475902779180E+001 -0.709533628809188E+003
  0.222033670973828E+000  0.141720153679379E+004 -0.411915724148581E+001  0.657591143758616E+002  0.280193970373508E+000 -0.706475902779180E+001 -0.709353195892455E+003
  0.222033670973828E+000  0.141439035093890E+004  0.493633430805859E+001  0.581316031630355E+002  0.316590488111194E+000 -0.706475902779180E+001 -0.707947602965011E+003
  0.222033670973828E+000  0.141441283325493E+004 -0.151771214122382E+002  0.670684308017667E+002  0.378687601790731E+000 -0.706475902779180E+001 -0.707958844123026E+003
  0.222033670973828E+000  0.141449210242506E+004  0.117289720978484E+001  0.761110244207275E+002  0.347653231716333E+000 -0.706475902779180E+001 -0.707998478708091E+003
  0.222033670973828E+000  0.141006101060696E+004  0.862861207009221E+001  0.677623173252456E+002  0.358920546893442E+000 -0.706475902779180E+001 -0.705782932799041E+003
  0.222033670973828E+000  0.141006662942098E+004 -0.983488109155194E+001  0.623480603012521E+002  0.317823567473943E+000 -0.706475902779180E+001 -0.705785742206049E+003
  0.222033670973828E+000  0.141458730394263E+004 -0.162846092767036E+002  0.580431820937596E+002  0.361014299801866E+000 -0.706475902779180E+001 -0.708046079466877E+003
  0.222033670973828E+000  0.141458752950886E+004 -0.533091847617637E+001  0.718118726715928E+002  0.369719166175964E+000 -0.706475902779180E+001 -0.708046192249988E+003
  0.222033670973828E+000  0.141460755894812E+004 -0.147643665277304E+000  0.748766027155175E+002  0.356527235050428E+000 -0.706475902779180E+001 -0.708056206969619E+003
  0.222033670973828E+000  0.141615217677246E+004  0.213568946033853E+001  0.773064305065011E+002  0.296198183394887E+000 -0.706475902779180E+001 -0.708828515881791E+003
  0.222033670973828E+000  0.141610429358356E+004 -0.718150903469592E+001  0.633651706069910E+002  0.384658997144373E+000 -0.706475902779180E+001 -0.708804574287340E+003
  0.222033670973828E+000  0.141466876240061E+004  0.644238099320123E+001  0.600304818319681E+002  0.303050254774851E+000 -0.706475902779180E+001 -0.708086808695865E+003
  0.222033670973828E+000  0.141607662939620E+004 -0.364501702420494E+001  0.732772033638540E+002  0.283750934672732E+000 -0.706475902779180E+001 -0.708790742193659E+003
  0.222033670973828E+000  0.141474869828826E+004 -0.285858409711731E+001  0.701487945315359E+002  0.285013219614748E+000 -0.706475902779180E+001 -0.708126776639689E+003
  0.222033670973828E+000  0.141488826881032E+004 -0.635562511749050E+001  0.575679717816196E+002  0.318300235431289E+000 -0.706475902779180E+001 -0.708196561900723E+003
  0.222033670973828E+000  0.141494970339565E+004  0.378649309416818E+001  0.686998890060678E+002  0.378506222671314E+000 -0.706475902779180E+001 -0.708227279193387E+003
  0.222033670973828E+000  0.141496460244951E+004 -0.523741582704137E+001  0.720890572128952E+002  0.285764146072132E+000 -0.706475902779180E+001 -0.708234728720316E+003
  0.222033670973828E+000  0.141552654106789E+004 -0.172320622614795E+002  0.776568075146320E+002  0.340255154228848E+000 -0.706475902779180E+001 -0.708515698029503E+003
  0.222033670973828E+000  0.141526605872562E+004  0.155238904723844E+001  0.717289630288697E+002  0.284394450515449E+000 -0.706475902779180E+001 -0.708385456858369E+003
  0.222033670973828E+000  0.141370281607876E+004 -0.182175540911105E+002  0.632465383480938E+002  0.375558523664184E+000 -0.706475902779180E+001 -0.707603835534939E+003
  0.222033670973828E+000  0.141369036499926E+004  0.126909030795851E+002  0.587775589766530E+002  0.360050907062735E+000 -0.706475902779180E+001 -0.707597609995190E+003
  0.222033670973828E+000  0.141359467877663E+004 -0.125151540994898E+002  0.726410387830228E+002  0.362663230716680E+000 -0.706475902779180E+001 -0.707549766883875E+003
  0.222033670973828E+000  0.141356794744667E+004 -0.106343017268316E+002  0.651315428135555E+002  0.291990205667069E+000 -0.706475902779180E+001 -0.707536401218897E+003
  0.222033670973828E+000  0.141355825413678E+004  0.189328254985554E+002  0.755621553164031E+002  0.301374802646807E+000 -0.706475902779180E+001 -0.707531554563952E+003
  0.222033670973828E+000  0.141352266175697E+004 -0.145501128022277E+002  0.663047978897472E+002  0.375930774330295E+000 -0.706475902779180E+001 -0.707513758374047E+003
  0.222033670973828E+000  0.141352057094913E+004 -0.792676979545055E+001  0.576168465009518E+002  0.337915674444444E+000 -0.706475902779180E+001 -0.707512712970128E+003
  0.222033670973828E+000  0.141343542492062E+004 -0.167307876723321E+002  0.708888217309706E+002  0.289880510264542E+000 -0.706475902779180E+001 -0.707470139955873E+003
  0.222033670973828E+000  0.141333649401538E+004 -0.160284412930294E+001  0.659035679801314E+002  0.291631507716777E+000 -0.706475902779180E+001 -0.707420674503249E+003
  0.222033670973828E+000  0.141327251952548E+004  0.488098739252864E+001  0.696831717986768E+002  0.289805528205500E+000 -0.706475902779180E+001 -0.707388687258300E+003
  0.222033670973828E+000  0.141326253111013E+004 -0.295292849891893E+001  0.686699655497714E+002  0.372383080118352E+000 -0.706475902779180E+001 -0.707383693050625E+003
  0.222033670973828E+000  0.141318160437607E+004  0.143959318020588E+002  0.748785345960642E+002  0.348730052453861E+000 -0.706475902779180E+001 -0.707343229683595E+003
  0.222033670973828E+000  0.141310400351282E+004 -0.339194657607523E+001  0.759203163133037E+002  0.307255112078852E+000 -0.706475902779180E+001 -0.707304429251970E+003
  0.222033670973828E+000  0.141307219000870E+004  0.129458832465279E+002  0.688518234294996E+002  0.371317725797499E+000 -0.706475902779180E+001 -0.707288522499908E+003
  0.222033670973828E+000  0.141295520319030E+004  0.173188458802651E+002  0.581466940168420E+002  0.343037668361496E+000 -0.706475902779180E+001 -0.707230029090710E+003
  0.222033670973828E+000  0.141293521111172E+004 -0.173549794497045E+002  0.591644338097127E+002  0.357068668840701E+000 -0.706475902779180E+001 -0.707220033051421E+003
  0.222033670973828E+000  0.141285736062229E+004 -0.130102333807013E+002  0.748726078535508E+002  0.346655002644591E+000 -0.706475902779180E+001 -0.707181107806707E+003
  0.222033670973828E+000  0.141276113145953E+004  0.647534364353468E+001  0.762279040379122E+002  0.330011048117509E+000 -0.706475902779180E+001 -0.707132993225324E+003
  0.222033670973828E+000  0.141275040672424E+004 -0.620219846043642E+001  0.739498847580545E+002  0.352126318205980E+000 -0.706475902779180E+001 -0.707127630857682E+003
  0.222033670973828E+000  0.141274011773288E+004  0.104365508105583E+002  0.623220211904072E+002  0.369684034288516E+000 -0.706475902779180E+001 -0.707122486362002E+003
  0.222033670973828E+000  0.141266561020965E+004 -0.177706476149589E+002  0.615730374078764E+002  0.305371846741976E+000 -0.706475902779180E+001 -0.707085232600383E+003
  0.222033670973828E+000  0.141262042251840E+004  0.134735350441247E+002  0.692612958213838E+002  0.292099594212267E+000 -0.706475902779180E+001 -0.707062638754759E+003
  0.222033670973828E+000  0.141261576234522E+004 -0.448159995856231E+001  0.751227883758713E+002  0.342820676249711E+000 -0.706475902779180E+001 -0.707060308668173E+003
  0.222033670973828E+000  0.141256503719699E+004  0.215647331076678E+001  0.670396921299481E+002  0.371657176771757E+000 -0.706475902779180E+001 -0.707034946094056E+003
  0.222033670973828E+000  0.141255893516755E+004 -0.105411519539769E+002  0.647983845326773E+002  0.372079659900010E+000 -0.706475902779180E+001 -0.707031895079336E+003
  0.222033670973828E+000  0.141255046154175E+004 -0.363617396210304E+001  0.760799512671451E+002  0.316537479365433E+000 -0.706475902779180E+001 -0.707027658266435E+003
  0.222033670973828E+000  0.141254834531667E+004 -0.193776956968059E+002  0.740819191190972E+002  0.350119036388738E+000 -0.706475902779180E+001 -0.707026600153896E+003
  0.222033670973828E+000  0.141240373915400E+004 -0.601368957158588E+001  0.634476478994798E+002  0.300085796252757E+000 -0.706475902779180E+001 -0.706954297072562E+003
  0.222033670973828E+000  0.141236402272246E+004  0.820448162053887E+001  0.760340922823383E+002  0.323090377809674E+000 -0.706475902779180E+001 -0.706934438856793E+003
  0.222033670973828E+000  0.141228876038918E+004  0.106942522724556E+001  0.749509888389882E+002  0.306684594944184E+000 -0.706475902779180E+001 -0.706896807690151E+003
  0.222033670973828E+000  0.141009279751128E+004  0.159718779788640E+002  0.611427264531209E+002  0.342907891735844E+000 -0.706475902779180E+001 -0.705798826251199E+003
  0.222033670973828E+000  0.141218426833693E+004 -0.145689989006507E+002  0.706026676960783E+002  0.363465550415034E+000 -0.706475902779180E+001 -0.706844561664026E+003
  0.222033670973828E+000  0.141204761481131E+004  0.682115954903984E+001  0.641596241570200E+002  0.299752761034015E+000 -0.706475902779180E+001 -0.706776234901215E+003
  0.222033670973828E+000  0.141203632686441E+004 -0.158271482036038E+002  0.602318980380470E+002  0.316482372052827E+000 -0.706475902779180E+001 -0.706770590927767E+003
  0.222033670973828E+000  0.141203208205353E+004  0.115845951941966E+002  0.747392361465408E+002  0.341409110552819E+000 -0.706475902779180E+001 -0.706768468522325E+003
  0.222033670973828E+000  0.141200066401534E+004  0.812701957292803E+001  0.702399054170658E+002  0.363652172518159E+000 -0.706475902779180E+001 -0.706752759503229E+003
  0.222033670973828E+000  0.141197362030379E+004  0.154551975874257E+002  0.597852111736802E+002  0.353526073157817E+000 -0.706475902779180E+001 -0.706739237647456E+003
  0.222033670973828E+000  0.141195741762043E+004 -0.467203916412429E+001  0.618568005052773E+002  0.307759228873511E+000 -0.706475902779180E+001 -0.706731136305774E+003
  0.222033670973828E+000  0.141193850940337E+004  0.957429452166216E+001  0.756196817333336E+002  0.320981215680352E+000 -0.706475902779180E+001 -0.706721682197245E+003
  0.222033670973828E+000  0.141191399394905E+004  0.116943970832916E+001  0.755972832657425E+002  0.325558156060908E+000 -0.706475902779180E+001 -0.706709424470087E+003
  0.222033670973828E+000  0.141190899365408E+004  0.941210434179323E+001  0.672672782409747E+002  0.368661621624270E+000 -0.706475902779180E+001 -0.706706924322603E+003
  0.222033670973828E+000  0.141185958121160E+004 -0.840691549012643E+001  0.723626546910979E+002  0.298740887657737E+000 -0.706475902779180E+001 -0.706682218101362E+003
  0.222033670973828E+000  0.141182033645179E+004  0.189710950238840E+002  0.591291422668878E+002  0.334236751040806E+000 -0.706475902779180E+001 -0.706662595721457E+003
  0.222033670973828E+000  0.141175268930887E+004 -0.686801226654598E+001  0.734621150963009E+002  0.302703762374235E+000 -0.706475902779180E+001 -0.706628772149994E+003
  0.222033670973828E+000  0.141170456751148E+004 -0.575626108644542E+001  0.612621693250673E+002  0.360497928838970E+000 -0.706475902779180E+001 -0.706604711251299E+003
  0.222033670973828E+000  0.141169398453698E+004 -0.141442871757712E+002  0.753526356481485E+002  0.327340812922541E+000 -0.706475902779180E+001 -0.706599419764049E+003
  0.222033670973828E+000  0.141168894851806E+004  0.169472299981721E+002  0.729064862522680E+002  0.351714925779731E+000 -0.706475902779180E+001 -0.706596901754593E+003
  0.222033670973828E+000  0.141167133416810E+004 -0.152996532228527E+002  0.642243679405134E+002  0.367589759552228E+000 -0.706475902779180E+001 -0.706588094579609E+003
  0.222033670973828E+000  0.141166853521439E+004  0.132563691307923E+002  0.646043945912476E+002  0.300360584268315E+000 -0.706475902779180E+001 -0.706586695102757E+003
  0.222033670973828E+000  0.141166823782470E+004  0.135402253808242E+002  0.609447937037626E+002  0.358730282395578E+000 -0.706475902779180E+001 -0.706586546407910E+003
  0.222033670973828E+000  0.141163908384424E+004 -0.956202543176466E+001  0.709732154337485E+002  0.297295667878719E+000 -0.706475902779180E+001 -0.706571969417682E+003
  0.222033670973828E+000  0.141163180994071E+004 -0.146136161320970E+002  0.752606166571518E+002  0.328482558981021E+000 -0.706475902779180E+001 -0.706568332465915E+003
  0.222033670973828E+000  0.141158770325071E+004  0.182699675256481E+001  0.752116419120278E+002  0.318766808808511E+000 -0.706475902779180E+001 -0.706546279120914E+003
  0.222033670973828E+000  0.141158733050514E+004 -0.114448352978639E+002  0.703052986410293E+002  0.361510210607267E+000 -0.706475902779180E+001 -0.706546092748129E+003
  0.222033670973828E+000  0.141158518088643E+004  0.901653084604792E+001  0.595588028154837E+002  0.328554456192596E+000 -0.706475902779180E+001 -0.706545017938774E+003
  0.222033670973828E+000  0.141155081296328E+004 -0.146700454673591E+002  0.651575737396148E+002  0.367666436614362E+000 -0.706475902779180E+001 -0.706527833977200E+003
  0.222033670973828E+000  0.141151600538817E+004 -0.244412163036625E+001  0.594272074415085E+002  0.333942300600290E+000 -0.706475902779180E+001 -0.706510430189646E+003
  0.222033670973828E+000  0.141147041039863E+004  0.179672665563834E+002  0.730049712861789E+002  0.349790999320382E+000 -0.706475902779180E+001 -0.706487632694875E+003
  0.222033670973828E+000  0.141009830424664E+004  0.158793996707240E+002  0.611235978380533E+002  0.342697157777550E+000 -0.706475902779180E+001 -0.705801579618883E+003
  0.222033670973828E+000  0.141141512615949E+004 -0.129202221778460E+002  0.704500358178693E+002  0.297725616758079E+000 -0.706475902779180E+001 -0.706459990575307E+003
  0.222033670973828E+000  0.141139182851679E+004 -0.157362183033601E+002  0.649220721433741E+002  0.366781370751938E+000 -0.706475902779180E+001 -0.706448341753958E+003
  0.222033670973828E+000  0.141138767106352E+004 -0.105811165556117E+002  0.708141297421067E+002  0.298269223822848E+000 -0.706475902779180E+001 -0.706446263027320E+003
  0.222033670973828E+000  0.141136669689652E+004 -0.141873784271983E+002  0.617837889422253E+002  0.311500209734469E+000 -0.706475902779180E+001 -0.706435775943821E+003
  0.222033670973828E+000  0.141134047787645E+004  0.384973506745856E+001  0.649343660448342E+002  0.366534998430194E+000 -0.706475902779180E+001 -0.706422666433788E+003
  0.222033670973828E+000  0.141133707998317E+004  0.419249229054849E+001  0.605978041001813E+002  0.353903555050070E+000 -0.706475902779180E+001 -0.706420967487148E+003
  0.222033670973828E+000  0.141132698800419E+004 -0.880235705278719E+001  0.599613194726540E+002  0.347690329125572E+000 -0.706475902779180E+001 -0.706415921497658E+003
  0.222033670973828E+000  0.141132331079071E+004 -0.542266396411652E+001  0.693711986876877E+002  0.362629381039458E+000 -0.706475902779180E+001 -0.706414082890916E+003
  0.222033670973828E+000  0.141129506632252E+004 -0.133710587611012E+002  0.637386756994579E+002  0.304311058404200E+000 -0.706475902779180E+001 -0.706399960656822E+003
  0.222033670973828E+000  0.141128994338242E+004 -0.774266727822753E+001  0.639998004690818E+002  0.365390416210430E+000 -0.706475902779180E+001 -0.706397399186773E+003
  0.222033670973828E+000  0.141128566783951E+004 -0.139726392004452E+002  0.689840750806803E+002  0.297481372768345E+000 -0.706475902779180E+001 -0.706395261415317E+003
  0.222033670973828E+000  0.141127318136481E+004  0.472830742857625E+001  0.742586823185631E+002  0.338764281051489E+000 -0.706475902779180E+001 -0.706389018177964E+003
  0.222033670973828E+000  0.141126151316312E+004  0.424271456383771E+001  0.650479263815488E+002  0.301235914558477E+000 -0.706475902779180E+001 -0.706383184077120E+003
  0.222033670973828E+000  0.141124117508592E+004 -0.328399322350841E+001  0.598353069793086E+002  0.329859960218424E+000 -0.706475902779180E+001 -0.706373015038521E+003
  0.222033670973828E+000  0.141120769837633E+004 -0.186780673457541E+002  0.744550798449680E+002  0.335689993235909E+000 -0.706475902779180E+001 -0.706356276683728E+003
  0.222033670973828E+000  0.141119818924101E+004 -0.752293487617091E+001  0.597498180289138E+002  0.340333352630585E+000 -0.706475902779180E+001 -0.706351522116067E+003
  0.222033670973828E+000  0.141117709917161E+004 -0.125990378855758E+002  0.605128688503752E+002  0.321604193331326E+000 -0.706475902779180E+001 -0.706340977081366E+003
  0.222033670973828E+000  0.141114479455656E+004  0.177402855969448E+002  0.738595496990787E+002  0.341302669514365E+000 -0.706475902779180E+001 -0.706324824773840E+003
  0.222033670973828E+000  0.141114260987998E+004  0.191108063962644E+002  0.600899550347859E+002  0.327078590404355E+000 -0.706475902779180E+001 -0.706323732435549E+003
  0.222033670973828E+000  0.141112504596900E+004  0.841153509770188E+001  0.733751542239945E+002  0.344958783741637E+000 -0.706475902779180E+001 -0.706314950480062E+003
  0.222033670973828E+000  0.141111922345133E+004 -0.190304298477584E+002  0.736071529658565E+002  0.307858775995591E+000 -0.706475902779180E+001 -0.706312039221228E+003
  0.222033670973828E+000  0.141110416199722E+004 -0.818182550774777E+001  0.644266568043068E+002  0.303375953297058E+000 -0.706475902779180E+001 -0.706304508494170E+003
  0.222033670973828E+000  0.141109759185843E+004 -0.800611832103457E+001  0.637476122966059E+002  0.305273700195762E+000 -0.706475902779180E+001 -0.706301223424776E+003
  0.222033670973828E+000  0.141109231380187E+004 -0.306070199980176E+001  0.718567011776120E+002  0.301630248751628E+000 -0.706475902779180E+001 -0.706298584396498E+003
  0.222033670973828E+000  0.141109055631121E+004 -0.377973426107611E+001  0.658616804318335E+002  0.365559904547839E+000 -0.706475902779180E+001 -0.706297705651167E+003
  0.222033670973828E+000  0.141107384236363E+004 -0.775896242877932E+001  0.641350329668492E+002  0.364417951146198E+000 -0.706475902779180E+001 -0.706289348677374E+003
  0.222033670973828E+000  0.141103232671677E+004 -0.525118929568984E+001  0.735739407492156E+002  0.342679832045348E+000 -0.706475902779180E+001 -0.706268590853946E+003
  0.222033670973828E+000  0.141102562965274E+004 -0.104525148270707E+002  0.717283247986098E+002  0.353437616320705E+000 -0.706475902779180E+001 -0.706265242321930E+003
  0.222033670973828E+000  0.141101710397246E+004  0.701181586888291E+001  0.652679891856300E+002  0.301928318730473E+000 -0.706475902779180E+001 -0.706260979481789E+003
  0.222033670973828E+000  0.141099410016460E+004  0.431136289048527E+001  0.737426570012604E+002  0.309773093926962E+000 -0.706475902779180E+001 -0.706249477577861E+003
  0.222033670973828E+000  0.141011773953321E+004  0.267591359139740E+000  0.685373601055507E+002  0.358018386523378E+000 -0.706475902779180E+001 -0.705811297262168E+003
  0.222033670973828E+000  0.141095471579757E+004  0.181417041072775E+002  0.647890034474133E+002  0.303236577369156E+000 -0.706475902779180E+001 -0.706229785394347E+003
  0.222033670973828E+000  0.141092995485683E+004  0.166012797676588E+002  0.620874149922346E+002  0.312761270423571E+000 -0.706475902779180E+001 -0.706217404923974E+003
  0.222033670973828E+000  0.141092141433801E+004 -0.112136394771699E+002  0.650644552090764E+002  0.302794678815085E+000 -0.706475902779180E+001 -0.706213134664567E+003
  0.222033670973828E+000  0.141087966059923E+004 -0.115273460859835E+002  0.603810019987031E+002  0.326879592335285E+000 -0.706475902779180E+001 -0.706192257795174E+003
  0.222033670973828E+000  0.141086853373819E+004  0.895120977893410E+001  0.629210319731779E+002  0.309386336392530E+000 -0.706475902779180E+001 -0.706186694364656E+003
  0.222033670973828E+000  0.141080007286786E+004 -0.497382705101377E+001  0.742047957351503E+002  0.333084455268390E+000 -0.706475902779180E+001 -0.706152463929489E+003
  0.222033670973828E+000  0.141078394494148E+004 -0.713324261346518E+000  0.716323191317939E+002  0.352380343504323E+000 -0.706475902779180E+001 -0.706144399966298E+003
  0.222033670973828E+000  0.141077758819839E+004  0.483920612358363E+001  0.708220475166398E+002  0.355582214186910E+000 -0.706475902779180E+001 -0.706141221594757E+003
  0.222033670973828E+000  0.141077275086266E+004 -0.104539882462905E+002  0.711479328541228E+002  0.354333974276341E+000 -0.706475902779180E+001 -0.706138802926893E+003
  0.222033670973828E+000  0.141073570371096E+004  0.863132747174559E+001  0.631251003202112E+002  0.360572988493775E+000 -0.706475902779180E+001 -0.706120279351040E+003
  0.222033670973828E+000  0.141073245959020E+004  0.729390546687215E+001  0.710972539318661E+002  0.302057873493494E+000 -0.706475902779180E+001 -0.706118657290661E+003
  0.222033670973828E+000  0.141072885771647E+004  0.192767270106125E+002  0.743740809121139E+002  0.322497303467978E+000 -0.706475902779180E+001 -0.706116856353796E+003
  0.222033670973828E+000  0.141071865857835E+004 -0.245580343692107E+001  0.714017802496253E+002  0.352974195270756E+000 -0.706475902779180E+001 -0.706111756784737E+003
  0.222033670973828E+000  0.141071628213390E+004  0.143038793242341E+002  0.606517953479952E+002  0.325611290768630E+000 -0.706475902779180E+001 -0.706110568562513E+003
  0.222033670973828E+000  0.141070895120493E+004 -0.175648192941205E+002  0.660106391619532E+002  0.302096723429422E+000 -0.706475902779180E+001 -0.706106903098026E+003
  0.222033670973828E+000  0.141069779214150E+004  0.188337611573746E+002  0.726669439074413E+002  0.346345877378724E+000 -0.706475902779180E+001 -0.706101323566311E+003
  0.222033670973828E+000  0.141064322540626E+004 -0.826399769154771E+001  0.614526263126935E+002  0.318807068442101E+000 -0.706475902779180E+001 -0.706074040198691E+003
  0.222033670973828E+000  0.141063466756579E+004  0.129275526776691E+002  0.722346175879049E+002  0.348409314735404E+000 -0.706475902779180E+001 -0.706069761278454E+003
  0.222033670973828E+000  0.141060247021672E+004  0.394338595913767E+001  0.674799026462089E+002  0.362211784803405E+000 -0.706475902779180E+001 -0.706053662603919E+003
  0.222033670973828E+000  0.141058893477373E+004  0.817986513220990E+001  0.742021446608829E+002  0.321967465502136E+000 -0.706475902779180E+001 -0.706046894882426E+003
  0.222033670973828E+000  0.141058406313088E+004  0.113441715505460E+002  0.741916516824969E+002  0.321759434403126E+000 -0.706475902779180E+001 -0.706044459061003E+003
  0.222033670973828E+000  0.141054814052867E+004  0.114606138082574E+002  0.739335929898339E+002  0.317067238485969E+000 -0.706475902779180E+001 -0.706026497759894E+003
  0.222033670973828E+000  0.141053059791240E+004 -0.111847847665354E+002  0.690042181603303E+002  0.301026934577416E+000 -0.706475902779180E+001 -0.706017726451759E+003
  0.222033670973828E+000  0.141015959104055E+004 -0.111231406346042E+002  0.621284928497502E+002  0.318410881778596E+000 -0.706475902779180E+001 -0.705832223015835E+003
  0.222033670973828E+000  0.141050175304213E+004 -0.179148810880418E+002  0.647970903624162E+002  0.361984460613444E+000 -0.706475902779180E+001 -0.706003304016624E+003
  0.222033670973828E+000  0.141050082764533E+004 -0.197682617939398E+001  0.668015254234184E+002  0.302072439457503E+000 -0.706475902779180E+001 -0.706002841318224E+003
  0.222033670973828E+000  0.141046741986168E+004 -0.370323410592840E+001  0.647606523929714E+002  0.305781307816765E+000 -0.706475902779180E+001 -0.705986137426401E+003
  0.222033670973828E+000  0.141045900595582E+004 -0.158922256096932E+002  0.610649986228303E+002  0.348134456340540E+000 -0.706475902779180E+001 -0.705981930473472E+003
  0.222033670973828E+000  0.141045214718418E+004  0.132242349326264E+001  0.611022813878748E+002  0.348406985363583E+000 -0.706475902779180E+001 -0.705978501087651E+003
  0.222033670973828E+000  0.141041774091047E+004  0.105922068036096E+002  0.732666220783127E+002  0.339261119408691E+000 -0.706475902779180E+001 -0.705961297950798E+003
  0.222033670973828E+000  0.141037014809888E+004  0.138792543912548E+002  0.606286941406694E+002  0.337737951201050E+000 -0.706475902779180E+001 -0.705937501545003E+003
  0.222033670973828E+000  0.141034489119719E+004  0.152198192433629E+002  0.624643997557994E+002  0.355712806334875E+000 -0.706475902779180E+001 -0.705924873094156E+003
  0.222033670973828E+000  0.141034343859763E+004 -0.185397639021684E+002  0.612581256297249E+002  0.323607106855760E+000 -0.706475902779180E+001 -0.705924146794374E+003
  0.222033670973828E+000  0.141032665582725E+004  0.403147637415934E+001  0.692533264614994E+002  0.357683361926621E+000 -0.706475902779180E+001 -0.705915755409185E+003
  0.222033670973828E+000  0.141031886873336E+004 -0.121643500155965E+002  0.607209868049902E+002  0.333113501212954E+000 -0.706475902779180E+001 -0.705911861862243E+003
  0.222033670973828E+000  0.141031714983668E+004  0.163099320226405E+002  0.735236444232634E+002  0.315777059487259E+000 -0.706475902779180E+001 -0.705911002413901E+003
  0.222033670973828E+000  0.141031380546305E+004  0.101398522025758E+002  0.647100629370958E+002  0.306742091302155E+000 -0.706475902779180E+001 -0.705909330227085E+003
  0.222033670973828E+000  0.141030731899265E+004 -0.590124090655651E+001  0.657327849900255E+002  0.304567930573616E+000 -0.706475902779180E+001 -0.705906086991888E+003
  0.222033670973828E+000  0.141027979832004E+004  0.107083990754090E+002  0.668722419507472E+002  0.303101620196551E+000 -0.706475902779180E+001 -0.705892326655579E+003
  0.222033670973828E+000  0.141027916020083E+004  0.101190451098935E+001  0.610903247490406E+002  0.326476442539872E+000 -0.706475902779180E+001 -0.705892007595976E+003
  0.222033670973828E+000  0.141027062070322E+004  0.147179050941773E+002  0.692282239683285E+002  0.357423631708412E+000 -0.706475902779180E+001 -0.705887737847170E+003
  0.222033670973828E+000  0.141026867690237E+004 -0.499899861751352E+001  0.738544219088772E+002  0.325302259346016E+000 -0.706475902779180E+001 -0.705886765946746E+003
  0.222033670973828E+000  0.141026789664508E+004 -0.108442265644650E+002  0.612628641639837E+002  0.324536134084773E+000 -0.706475902779180E+001 -0.705886375818103E+003
  0.222033670973828E+000  0.141026345552740E+004  0.850632459233238E+001  0.737546429627171E+002  0.329942673112955E+000 -0.706475902779180E+001 -0.705884155259263E+003
  0.222033670973828E+000  0.141025144426185E+004  0.289304463239141E+001  0.647753788070571E+002  0.306922643142743E+000 -0.706475902779180E+001 -0.705878149626485E+003
  0.222033670973828E+000  0.141024471214471E+004  0.131945896111606E+002  0.610563539384139E+002  0.344697156332216E+000 -0.706475902779180E+001 -0.705874783567917E+003
  0.222033670973828E+000  0.141023281690883E+004  0.546498566169744E+001  0.725501933377033E+002  0.343231574142259E+000 -0.706475902779180E+001 -0.705868835949975E+003
  0.222033670973828E+000  0.141022842962311E+004 -0.161985023000262E+001  0.676031387719567E+002  0.302768514664943E+000 -0.706475902779180E+001 -0.705866642307115E+003
  0.222033670973828E+000  0.141020856934871E+004  0.819973413942424E+001  0.611765812870587E+002  0.326459168346461E+000 -0.706475902779180E+001 -0.705856712169914E+003
  0.222033670973828E+000  0.141018969197082E+004  0.199097719250339E+001  0.612215928827817E+002  0.326168627316829E+000 -0.706475902779180E+001 -0.705847273480971E+003
  0.222033670973828E+000  0.141018597623718E+004 -0.189563214707750E+002  0.716897527246743E+002  0.306851584155723E+000 -0.706475902779180E+001 -0.705845415614152E+003
  0.222033670973828E+000  0.141016675590528E+004 -0.414721169772092E+001  0.733013403624194E+002  0.315674381897882E+000 -0.706475902779180E+001 -0.705835805448202E+003
  0.222033670973828E+000  0.141004082298234E+004  0.443774138640202E+001  0.620435216840241E+002  0.320129621279825E+000 -0.706475902779180E+001 -0.705772838986730E+003
  0.222033670973828E+000  0.140998560762600E+004  0.280646547262435E+001  0.624021521067133E+002  0.352348017522784E+000 -0.706475902779180E+001 -0.705745231308561E+003
  0.222033670973828E+000  0.140998048881699E+004  0.590233664530121E+000  0.630023186653348E+002  0.314918742364504E+000 -0.706475902779180E+001 -0.705742671904058E+003
  0.222033670973828E+000  0.140997261278190E+004 -0.169463595932694E+002  0.615619612089010E+002  0.346233937652786E+000 -0.706475902779180E+001 -0.705738733886511E+003
  0.222033670973828E+000  0.140997107473615E+004 -0.409354088866035E+001  0.726525313219066E+002  0.339793321647323E+000 -0.706475902779180E+001 -0.705737964863635E+003
  0.222033670973828E+000  0.140995672050277E+004 -0.702055429778228E+001  0.653943277353025E+002  0.307145602169589E+000 -0.706475902779180E+001 -0.705730787746946E+003
  0.222033670973828E+000  0.140995136087443E+004  0.586079616667569E+001  0.618517232058657E+002  0.322663613781344E+000 -0.706475902779180E+001 -0.705728107932778E+003
  0.222033670973828E+000  0.140994764532045E+004 -0.388780517509815E+000  0.612606714083071E+002  0.341448458533710E+000 -0.706475902779180E+001 -0.705726250155785E+003
  0.222033670973828E+000  0.140994191802046E+004 -0.403901547126004E+000  0.723999774694134E+002  0.311725200325718E+000 -0.706475902779180E+001 -0.705723386505793E+003
  0.222033670973828E+000  0.140992185221956E+004 -0.544308904481821E+001  0.633628212948283E+002  0.355586062872315E+000 -0.706475902779180E+001 -0.705713353605341E+003
  0.222033670973828E+000  0.140991229743659E+004  0.260228820730450E+001  0.733275083788509E+002  0.321297512429759E+000 -0.706475902779180E+001 -0.705708576213854E+003
  0.222033670973828E+000  0.140991154791532E+004  0.168857606597575E+002  0.731808793057471E+002  0.318614325551646E+000 -0.706475902779180E+001 -0.705708201453222E+003
  0.222033670973828E+000  0.140990888259078E+004 -0.514471888598951E+001  0.611903530989225E+002  0.336920378522505E+000 -0.706475902779180E+001 -0.705706868790950E+003
  0.222033670973828E+000  0.140990187912004E+004  0.695246304831625E+001  0.635697649769740E+002  0.312964305319422E+000 -0.706475902779180E+001 -0.705703367055582E+003
  0.222033670973828E+000  0.140990052327245E+004 -0.297134286881626E+001  0.620512814779000E+002  0.321543026266703E+000 -0.706475902779180E+001 -0.705702689131785E+003
  0.222033670973828E+000  0.140984867370655E+004 -0.233563015044047E+001  0.677943073367065E+002  0.304698996403818E+000 -0.706475902779180E+001 -0.705676764348837E+003
  0.222033670973828E+000  0.140983840237142E+004 -0.134207797580410E+002  0.655631249928585E+002  0.358568761727524E+000 -0.706475902779180E+001 -0.705671628681271E+003
  0.222033670973828E+000  0.140983307692397E+004 -0.112422701029179E+002  0.691673019595728E+002  0.304857320272475E+000 -0.706475902779180E+001 -0.705668965957545E+003
  0.222033670973828E+000  0.140980963495158E+004  0.481779400193394E+001  0.613999603124134E+002  0.331341934152026E+000 -0.706475902779180E+001 -0.705657244971352E+003
  0.222033670973828E+000  0.140979799393804E+004 -0.836751642604270E+000  0.613404905132971E+002  0.337408675978281E+000 -0.706475902779180E+001 -0.705651424464582E+003
  0.222033670973828E+000  0.140979359449399E+004 -0.328579539151951E+001  0.731320684883580E+002  0.330943946285057E+000 -0.706475902779180E+001 -0.705649224742556E+003
  0.222033670973828E+000  0.140977967553416E+004 -0.952950172677195E+001  0.643568096593972E+002  0.356879689811077E+000 -0.706475902779180E+001 -0.705642265262642E+003
  0.222033670973828E+000  0.140976483563712E+004 -0.244816740410146E+001  0.627888836702128E+002  0.317826923217110E+000 -0.706475902779180E+001 -0.705634845314123E+003
  0.222033670973828E+000  0.140973988969822E+004 -0.120832812416936E+001  0.727987798072106E+002  0.317103590898653E+000 -0.706475902779180E+001 -0.705622372344673E+003
  0.222033670973828E+000  0.140973734094306E+004 -0.226486409089503E+001  0.621236632691796E+002  0.322830815639191E+000 -0.706475902779180E+001 -0.705621097967088E+003
  0.222033670973828E+000  0.140973190673154E+004  0.160524676432026E+002  0.657992489789581E+002  0.357989641720882E+000 -0.706475902779180E+001 -0.705618380861332E+003
  0.222033670973828E+000  0.140973034229081E+004  0.129033273129584E+001  0.731657177208263E+002  0.325071929246178E+000 -0.706475902779180E+001 -0.705617598640967E+003
  0.222033670973828E+000  0.140972106283858E+004  0.982236151842457E+001  0.708807249711571E+002  0.307966619878304E+000 -0.706475902779180E+001 -0.705612958914851E+003
  0.222033670973828E+000  0.140970470522486E+004 -0.817238817893374E+001  0.727710949851166E+002  0.317393810260428E+000 -0.706475902779180E+001 -0.705604780107989E+003
  0.222033670973828E+000  0.140969845266113E+004  0.869398652895182E+001  0.628474516229791E+002  0.351780476987924E+000 -0.706475902779180E+001 -0.705601653826128E+003
  0.222033670973828E+000  0.140965324152958E+004 -0.159250114409587E+002  0.633279731248286E+002  0.353299505018447E+000 -0.706475902779180E+001 -0.705579048260352E+003
  0.222033670973828E+000  0.140963616403098E+004 -0.110219915119909E+001  0.692875849870615E+002  0.353373297306622E+000 -0.706475902779180E+001 -0.705570509511053E+003
  0.222033670973828E+000  0.140963532808660E+004 -0.117236826844991E+002  0.703075148748876E+002  0.307378817180419E+000 -0.706475902779180E+001 -0.705570091538859E+003
  0.222033670973828E+000  0.140963173338519E+004  0.389348193061297E+001  0.708927808328939E+002  0.347660055578588E+000 -0.706475902779180E+001 -0.705568294188153E+003
  0.222033670973828E+000  0.140962662892237E+004 -0.151657983345097E+002  0.618026318950958E+002  0.342952927800947E+000 -0.706475902779180E+001 -0.705565741956744E+003
  0.222033670973828E+000  0.140962652021045E+004  0.137868830326483E+002  0.721904780316449E+002  0.339732379923851E+000 -0.706475902779180E+001 -0.705565687600786E+003
  0.222033670973828E+000  0.140962436971757E+004 -0.136199187067409E+002  0.639741366642196E+002  0.354954261184115E+000 -0.706475902779180E+001 -0.705564612354347E+003
  0.222033670973828E+000  0.140962137009234E+004  0.128126423132935E+002  0.702867535864755E+002  0.350099996432115E+000 -0.706475902779180E+001 -0.705563112541733E+003
  0.222033670973828E+000  0.140961299932234E+004 -0.188478009236924E+002  0.636804800411159E+002  0.314625864541140E+000 -0.706475902779180E+001 -0.705558927156731E+003
  0.222033670973828E+000  0.140960206944725E+004 -0.226160936278409E+001  0.728998866506874E+002  0.330425682968592E+000 -0.706475902779180E+001 -0.705553462219188E+003
  0.222033670973828E+000  0.140959846025525E+004 -0.155749919690644E+002  0.638840198553524E+002  0.313897826824918E+000 -0.706475902779180E+001 -0.705551657623184E+003
  0.222033670973828E+000  0.140958803236390E+004  0.464903302892271E+000  0.729711766148069E+002  0.326436142586203E+000 -0.706475902779180E+001 -0.705546443677512E+003
  0.222033670973828E+000  0.140958642138451E+004 -0.745403808914170E+001  0.674462616219285E+002  0.356437955691253E+000 -0.706475902779180E+001 -0.705545638187818E+003
  0.222033670973828E+000  0.140956714523114E+004  0.422795305157656E+001  0.617328044732764E+002  0.340112566675813E+000 -0.706475902779180E+001 -0.705536000111130E+003
  0.222033670973828E+000  0.140956099040359E+004 -0.144058600290448E+002  0.641300025234280E+002  0.313235079753152E+000 -0.706475902779180E+001 -0.705532922697357E+003
  0.222033670973828E+000  0.140955741430097E+004 -0.927593827787242E+001  0.617141112005245E+002  0.339234016150984E+000 -0.706475902779180E+001 -0.705531134646048E+003
  0.222033670973828E+000  0.140955516035106E+004  0.171721698251187E+002  0.619698854018328E+002  0.343715961320399E+000 -0.706475902779180E+001 -0.705530007671092E+003
  0.222033670973828E+000  0.140954212276919E+004 -0.794792268194458E+001  0.633019284671124E+002  0.316971837085259E+000 -0.706475902779180E+001 -0.705523488880154E+003
  0.222033670973828E+000  0.140953818947178E+004  0.524430532993795E+001  0.728417023994327E+002  0.322486791571074E+000 -0.706475902779180E+001 -0.705521522231453E+003
  0.222033670973828E+000  0.140951132716404E+004 -0.175218383178847E+002  0.727304586434581E+002  0.331438065939992E+000 -0.706475902779180E+001 -0.705508091077581E+003
  0.222033670973828E+000  0.140950007480283E+004  0.173193512098124E+002  0.634638087900311E+002  0.352438261810318E+000 -0.706475902779180E+001 -0.705502464896976E+003
  0.222033670973828E+000  0.140947073900079E+004  0.612964170379584E+000  0.649640039606742E+002  0.311204348753898E+000 -0.706475902779180E+001 -0.705487796995954E+003
  0.222033670973828E+000  0.140945569362423E+004  0.546607564157265E+001  0.726774594714067E+002  0.321536407215252E+000 -0.706475902779180E+001 -0.705480274307677E+003
  0.222033670973828E+000  0.140945302237838E+004  0.150629869271650E+002  0.631561194824591E+002  0.350785498886344E+000 -0.706475902779180E+001 -0.705478938684749E+003
  0.222033670973828E+000  0.140944457166526E+004 -0.242379246024982E+001  0.724570179213505E+002  0.318556948417571E+000 -0.706475902779180E+001 -0.705474713328189E+003
  0.222033670973828E+000  0.140944030675484E+004  0.533541659669157E+001  0.683921615618387E+002  0.306984248189937E+000 -0.706475902779180E+001 -0.705472580872981E+003
  0.222033670973828E+000  0.140943617441249E+004  0.114718438989959E+002  0.700487956759498E+002  0.308330494433294E+000 -0.706475902779180E+001 -0.705470514701805E+003
  0.222033670973828E+000  0.140943332783329E+004  0.750060254303552E+001  0.722755385303218E+002  0.336346417746390E+000 -0.706475902779180E+001 -0.705469091412208E+003
  0.222033670973828E+000  0.140942424665746E+004  0.161709281584164E+002  0.662260257922994E+002  0.308769915491667E+000 -0.706475902779180E+001 -0.705464550824293E+003
  0.222033670973828E+000  0.140942114908279E+004 -0.105329514221663E+001  0.646256927639147E+002  0.312549829980270E+000 -0.706475902779180E+001 -0.705463002036954E+003
  0.222033670973828E+000  0.140941828962936E+004  0.671408507531559E+001  0.625118020761224E+002  0.323478564362675E+000 -0.706475902779180E+001 -0.705461572310239E+003
  0.222033670973828E+000  0.140938689022068E+004  0.129596533540876E+002  0.682563625919106E+002  0.353992658512715E+000 -0.706475902779180E+001 -0.705445872605899E+003
  0.222033670973828E+000  0.140938562923359E+004  0.153426077661638E+002  0.713134879761941E+002  0.312031627924199E+000 -0.706475902779180E+001 -0.705445242112357E+003
  0.222033670973828E+000  0.140938520896488E+004 -0.160305378598893E+001  0.623517121977110E+002  0.325517553103215E+000 -0.706475902779180E+001 -0.705445031978002E+003
  0.222033670973828E+000  0.140936520738462E+004 -0.470824683668290E+001  0.710445556693871E+002  0.344637876913568E+000 -0.706475902779180E+001 -0.705435031187869E+003
  0.222033670973828E+000  0.140935488778345E+004  0.120941442088783E+002  0.634701740301538E+002  0.317768685403305E+000 -0.706475902779180E+001 -0.705429871387285E+003
  0.222033670973828E+000  0.140935138534270E+004 -0.602393247591007E+000  0.725874236002446E+002  0.323307073984081E+000 -0.706475902779180E+001 -0.705428120166911E+003
  0.222033670973828E+000  0.140935054877486E+004 -0.407290452799614E+001  0.712539318142890E+002  0.312131845671133E+000 -0.706475902779180E+001 -0.705427701882989E+003
  0.222033670973828E+000  0.140934597444992E+004 -0.194567293759048E+002  0.641570288050422E+002  0.353173915392599E+000 -0.706475902779180E+001 -0.705425414720520E+003
  0.222033670973828E+000  0.140932792577439E+004  0.139596450437122E+002  0.721732307226540E+002  0.317716184921916E+000 -0.706475902779180E+001 -0.705416390382755E+003
  0.222033670973828E+000  0.140929798859610E+004  0.170133869617394E+002  0.721305405966098E+002  0.317816864019017E+000 -0.706475902779180E+001 -0.705401421793612E+003
  0.222033670973828E+000  0.140926974479754E+004 -0.182103190808071E+002  0.633198703149484E+002  0.319413997649163E+000 -0.706475902779180E+001 -0.705387299894330E+003
  0.222033670973828E+000  0.140925834191353E+004 -0.180917978798362E+002  0.646038253397898E+002  0.353428884763194E+000 -0.706475902779180E+001 -0.705381598452325E+003
  0.222033670973828E+000  0.140925816848348E+004  0.155459532370267E+002  0.695494075488854E+002  0.349943657730713E+000 -0.706475902779180E+001 -0.705381511737303E+003
  0.222033670973828E+000  0.140925169546622E+004  0.758484086805550E+001  0.629606103907614E+002  0.321963638175346E+000 -0.706475902779180E+001 -0.705378275228670E+003
  0.222033670973828E+000  0.140925117702368E+004 -0.186930374041109E+002  0.628429486650786E+002  0.322874203262381E+000 -0.706475902779180E+001 -0.705378016007399E+003
  0.222033670973828E+000  0.140924860005657E+004  0.137355227712851E+002  0.648877895238877E+002  0.353834739535263E+000 -0.706475902779180E+001 -0.705376727523844E+003
  0.222033670973828E+000  0.140924715312263E+004 -0.116577547402971E+002  0.621048820840297E+002  0.335109529332010E+000 -0.706475902779180E+001 -0.705376004056876E+003
  0.222033670973828E+000  0.140924655428370E+004  0.122278989479894E+002  0.720162668362887E+002  0.317637339874436E+000 -0.706475902779180E+001 -0.705375704637412E+003
  0.222033670973828E+000  0.140924593795732E+004  0.135715079821721E+002  0.621290222717043E+002  0.337442730136156E+000 -0.706475902779180E+001 -0.705375396474223E+003
  0.222033670973828E+000  0.140923647708498E+004 -0.487974165782254E+001  0.629909858443214E+002  0.321923461885776E+000 -0.706475902779180E+001 -0.705370666038051E+003
  0.222033670973828E+000  0.140922642154579E+004  0.500432677008320E+001  0.628551608323428E+002  0.346552483592518E+000 -0.706475902779180E+001 -0.705365638268457E+003
  0.222033670973828E+000  0.140921429610936E+004 -0.151927816496303E+002  0.708485571832046E+002  0.311966638612798E+000 -0.706475902779180E+001 -0.705359575550242E+003
  0.222033670973828E+000  0.140920988360259E+004 -0.157710355542066E+002  0.621666798263112E+002  0.334207979763436E+000 -0.706475902779180E+001 -0.705357369296854E+003
  0.222033670973828E+000  0.140920882390370E+004  0.121456034116119E+002  0.642538140372843E+002  0.315487241609749E+000 -0.706475902779180E+001 -0.705356839447411E+003
  0.222033670973828E+000  0.140920303578716E+004  0.168885323421458E+002  0.704490993410383E+002  0.310932974128948E+000 -0.706475902779180E+001 -0.705353945389140E+003
  0.222033670973828E+000  0.140919431454765E+004  0.148727039004329E+002  0.646851200854192E+002  0.353061535827697E+000 -0.706475902779180E+001 -0.705349584769385E+003
  0.222033670973828E+000  0.140918134694593E+004 -0.140348892129046E+002  0.708049666462420E+002  0.344180034472911E+000 -0.706475902779180E+001 -0.705343100968526E+003
  0.222033670973828E+000  0.140917981812550E+004 -0.578023463412705E+000  0.695240304814073E+002  0.349421307223675E+000 -0.706475902779180E+001 -0.705342336558309E+003
  0.222033670973828E+000  0.140917645366795E+004 -0.303822601116895E+001  0.647565436842128E+002  0.313947128894750E+000 -0.706475902779180E+001 -0.705340654329535E+003
  0.222033670973828E+000  0.140917558945260E+004 -0.813483587873226E+001  0.669884970830036E+002  0.309356926107633E+000 -0.706475902779180E+001 -0.705340222221861E+003
  0.222033670973828E+000  0.140915799352981E+004 -0.118359893884811E+002  0.721105591961797E+002  0.320279531924802E+000 -0.706475902779180E+001 -0.705331424260467E+003
  0.222033670973828E+000  0.140914806748571E+004 -0.532416333808753E+001  0.622711239155361E+002  0.336879147766095E+000 -0.706475902779180E+001 -0.705326461238418E+003
  0.222033670973828E+000  0.140914744459197E+004  0.886329428521294E+001  0.720866931604844E+002  0.333389830341455E+000 -0.706475902779180E+001 -0.705326149791545E+003
  0.222033670973828E+000  0.140913000661750E+004 -0.182856139236038E+002  0.708973713062514E+002  0.312925721904881E+000 -0.706475902779180E+001 -0.705317430804311E+003
  0.222033670973828E+000  0.140912642623298E+004  0.904544927033747E+000  0.628766342207284E+002  0.324300273727838E+000 -0.706475902779180E+001 -0.705315640612053E+003
  0.222033670973828E+000  0.140911974144831E+004 -0.537921712052434E+001  0.672303133242299E+002  0.309502882473293E+000 -0.706475902779180E+001 -0.705312298219714E+003
  0.222033670973828E+000  0.140911439331696E+004 -0.204305632609554E+000  0.642718868138826E+002  0.316210576228196E+000 -0.706475902779180E+001 -0.705309624154038E+003
  0.222033670973828E+000  0.140911273431886E+004  0.681742630403125E+000  0.689225725452241E+002  0.350616789454793E+000 -0.706475902779180E+001 -0.705308794654990E+003
  0.222033670973828E+000  0.140909697024128E+004 -0.131928592860797E+002  0.721972954860991E+002  0.323835151751010E+000 -0.706475902779180E+001 -0.705300912616199E+003
  0.222033670973828E+000  0.140909693254922E+004  0.408330862594796E+001  0.700675781826113E+002  0.310953625278893E+000 -0.706475902779180E+001 -0.705300893770173E+003
  0.222033670973828E+000  0.140908465312826E+004  0.251155998540744E+001  0.649673943717850E+002  0.313995010178003E+000 -0.706475902779180E+001 -0.705294754059691E+003
  0.222033670973828E+000  0.140904867338169E+004  0.186047231641130E+002  0.645540087577272E+002  0.351556817073178E+000 -0.706475902779180E+001 -0.705276764186406E+003
  0.222033670973828E+000  0.140903984467418E+004  0.147178087436000E+001  0.719933628598290E+002  0.332171053254369E+000 -0.706475902779180E+001 -0.705272349832649E+003
  0.222033670973828E+000  0.140903914672977E+004 -0.115238872199427E+001  0.629233548539464E+002  0.344273152510382E+000 -0.706475902779180E+001 -0.705272000860446E+003
  0.222033670973828E+000  0.140902459164433E+004  0.170215188909146E+002  0.721233401761617E+002  0.326845682262416E+000 -0.706475902779180E+001 -0.705264723317728E+003
  0.222033670973828E+000  0.140902398780555E+004  0.172405556069381E+002  0.720282929269442E+002  0.330964263753609E+000 -0.706475902779180E+001 -0.705264421398336E+003
  0.222033670973828E+000  0.140902086064423E+004  0.473923040937258E+000  0.714649980489393E+002  0.316883766782515E+000 -0.706475902779180E+001 -0.705262857817674E+003
  0.222033670973828E+000  0.140900317157196E+004  0.524154781654627E+000  0.702930295349413E+002  0.344993334632534E+000 -0.706475902779180E+001 -0.705254013281541E+003
  0.222033670973828E+000  0.140899813081697E+004 -0.366770599761973E+001  0.701800320742385E+002  0.345449805000951E+000 -0.706475902779180E+001 -0.705251492904045E+003
  0.222033670973828E+000  0.140899493005950E+004  0.165977024384746E+002  0.627011070852077E+002  0.340990466723038E+000 -0.706475902779180E+001 -0.705249892525310E+003
  0.222033670973828E+000  0.140899073781110E+004  0.187285033485105E+002  0.667043156575806E+002  0.310962655329788E+000 -0.706475902779180E+001 -0.705247796401113E+003
  0.222033670973828E+000  0.140898931613916E+004  0.755610888543995E+001  0.626026918392153E+002  0.330759171792268E+000 -0.706475902779180E+001 -0.705247085565139E+003
  0.222033670973828E+000  0.140898446955612E+004  0.548338952231298E+001  0.693904365721752E+002  0.310752067357537E+000 -0.706475902779180E+001 -0.705244662273619E+003
  0.222033670973828E+000  0.140898252709075E+004 -0.408200957193241E+001  0.625241854228787E+002  0.334278865272663E+000 -0.706475902779180E+001 -0.705243691040937E+003
  0.222033670973828E+000  0.140897862241282E+004  0.819595794950322E+001  0.699862557490890E+002  0.346085611121431E+000 -0.706475902779180E+001 -0.705241738701971E+003
  0.222033670973828E+000  0.140897630846274E+004 -0.109401725116222E+001  0.679450682200664E+002  0.310114664246568E+000 -0.706475902779180E+001 -0.705240581726929E+003
  0.222033670973828E+000  0.140897199960958E+004 -0.166425998135355E+002  0.673115328788539E+002  0.352348232395541E+000 -0.706475902779180E+001 -0.705238427300351E+003
  0.222033670973828E+000  0.140896624610741E+004 -0.877301977551829E+001  0.702247726742801E+002  0.344952959030293E+000 -0.706475902779180E+001 -0.705235550549266E+003
  0.222033670973828E+000  0.140895069793550E+004 -0.147190896898055E+002  0.717275581502120E+002  0.334025459366686E+000 -0.706475902779180E+001 -0.705227776463311E+003
  0.222033670973828E+000  0.140894559076997E+004  0.100487909152873E+002  0.718714569557920E+002  0.331596815435368E+000 -0.706475902779180E+001 -0.705225222880544E+003
  0.222033670973828E+000  0.140894140302403E+004  0.120937923263461E+002  0.648403852234042E+002  0.351196935330335E+000 -0.706475902779180E+001 -0.705223129007575E+003
  0.222033670973828E+000  0.140893947198753E+004  0.987221149417356E+001  0.695748096014647E+002  0.347283600359769E+000 -0.706475902779180E+001 -0.705222163489326E+003
  0.222033670973828E+000  0.140893119916637E+004 -0.147683334585363E+002  0.663345645316537E+002  0.352485146720134E+000 -0.706475902779180E+001 -0.705218027078746E+003
  0.222033670973828E+000  0.140890948914360E+004 -0.164987546709545E+002  0.638803783372455E+002  0.348124992619846E+000 -0.706475902779180E+001 -0.705207172067362E+003
  0.222033670973828E+000  0.140890904736086E+004 -0.179597152767687E+002  0.642291041176289E+002  0.349369267625377E+000 -0.706475902779180E+001 -0.705206951175992E+003
  0.222033670973828E+000  0.140888639923352E+004  0.128308597632760E+002  0.718825376606070E+002  0.328221988518716E+000 -0.706475902779180E+001 -0.705195627112319E+003
  0.222033670973828E+000  0.140888433895043E+004 -0.408149663552005E+001  0.718869549407107E+002  0.326523311502865E+000 -0.706475902779180E+001 -0.705194596970777E+003
  0.222033670973828E+000  0.140888172786679E+004  0.121285368935143E+002  0.701292006310685E+002  0.344568013903774E+000 -0.706475902779180E+001 -0.705193291428954E+003
  0.222033670973828E+000  0.140887894760059E+004  0.117891834731161E+002  0.672814001054612E+002  0.351664311388375E+000 -0.706475902779180E+001 -0.705191901295855E+003
  0.222033670973828E+000  0.140886991279270E+004  0.164771407156315E+002  0.627227326762953E+002  0.333345460349639E+000 -0.706475902779180E+001 -0.705187383891908E+003
  0.222033670973828E+000  0.140886808956479E+004 -0.128507530992169E+002  0.718427319972287E+002  0.325277784933926E+000 -0.706475902779180E+001 -0.705186472277958E+003
  0.222033670973828E+000  0.140886225593539E+004 -0.577480531116728E+001  0.627288448846379E+002  0.333863514017515E+000 -0.706475902779180E+001 -0.705183555463257E+003
  0.222033670973828E+000  0.140884785280935E+004 -0.154272877230143E+002  0.653221605820249E+002  0.351147118570442E+000 -0.706475902779180E+001 -0.705176353900236E+003
  0.222033670973828E+000  0.140882703886974E+004  0.377332610595759E+001  0.658586155151873E+002  0.351486893839625E+000 -0.706475902779180E+001 -0.705165946930432E+003
  0.222033670973828E+000  0.140882601834745E+004  0.157711250010814E+002  0.703201098404357E+002  0.314045554591466E+000 -0.706475902779180E+001 -0.705165436669285E+003
  0.222033670973828E+000  0.140882177198214E+004 -0.145289479998602E+002  0.660668592907278E+002  0.313269369449342E+000 -0.706475902779180E+001 -0.705163313486630E+003
  0.222033670973828E+000  0.140880948951414E+004 -0.470607932184642E+001  0.661619218171680E+002  0.313180376883502E+000 -0.706475902779180E+001 -0.705157172252630E+003
  0.222033670973828E+000  0.140880432763784E+004  0.124822340412935E+002  0.693124150799748E+002  0.346977883418591E+000 -0.706475902779180E+001 -0.705154591314481E+003
  0.222033670973828E+000  0.140880402487301E+004 -0.161695684877448E+002  0.676958194102727E+002  0.311463246055854E+000 -0.706475902779180E+001 -0.705154439932068E+003
  0.222033670973828E+000  0.140880049833564E+004  0.440410632037526E+001  0.628412014821037E+002  0.336079475761768E+000 -0.706475902779180E+001 -0.705152676663380E+003
  0.222033670973828E+000  0.140879190814093E+004 -0.530556714320363E+001  0.700639577585585E+002  0.343966497232038E+000 -0.706475902779180E+001 -0.705148381566024E+003
  0.222033670973828E+000  0.140879003451620E+004  0.558989172159384E+001  0.716296804585740E+002  0.331151685684904E+000 -0.706475902779180E+001 -0.705147444753659E+003
  0.222033670973828E+000  0.140878762840723E+004 -0.152282990760990E+002  0.693157711062629E+002  0.312271012358027E+000 -0.706475902779180E+001 -0.705146241699174E+003
  0.222033670973828E+000  0.140878177694746E+004  0.962427827730367E+001  0.716774013465664E+002  0.329426860830004E+000 -0.706475902779180E+001 -0.705143315969289E+003
  0.222033670973828E+000  0.140877698433013E+004 -0.155085620784440E+002  0.640812466726109E+002  0.347406674829904E+000 -0.706475902779180E+001 -0.705140919660627E+003
  0.222033670973828E+000  0.140877073857381E+004 -0.442180488286052E+001  0.629050813770873E+002  0.332765784154290E+000 -0.706475902779180E+001 -0.705137796782466E+003
  0.222033670973828E+000  0.140876574583522E+004  0.190448702291530E+002  0.629039436459119E+002  0.333294265146619E+000 -0.706475902779180E+001 -0.705135300413171E+003
  0.222033670973828E+000  0.140876548269200E+004 -0.637990377717600E+001  0.630067839998609E+002  0.339058559930126E+000 -0.706475902779180E+001 -0.705135168841563E+003
  0.222033670973828E+000  0.140875980690850E+004 -0.143192632003685E+002  0.629084875703780E+002  0.335637504130555E+000 -0.706475902779180E+001 -0.705132330949812E+003
  0.222033670973828E+000  0.140875378008441E+004  0.161087032146641E+002  0.665926604919365E+002  0.312888411018848E+000 -0.706475902779180E+001 -0.705129317537764E+003
  0.222033670973828E+000  0.140873749033748E+004 -0.834835544560313E+000  0.631173349891010E+002  0.339978458961206E+000 -0.706475902779180E+001 -0.705121172664300E+003
  0.222033670973828E+000  0.140871769155223E+004 -0.176387086834048E+002  0.629895521835662E+002  0.335949231663049E+000 -0.706475902779180E+001 -0.705111273271675E+003
  0.222033670973828E+000  0.140871511213079E+004 -0.977585602367088E+001  0.665522254565404E+002  0.313255842922788E+000 -0.706475902779180E+001 -0.705109983560958E+003
  0.222033670973828E+000  0.140870786659153E+004  0.202436504522215E+001  0.667312460746008E+002  0.313054889277131E+000 -0.706475902779180E+001 -0.705106360791328E+003
  0.222033670973828E+000  0.140870722625531E+004 -0.944152949400717E+000  0.714058612465235E+002  0.332590361652494E+000 -0.706475902779180E+001 -0.705106040623218E+003
  0.222033670973828E+000  0.140870681862791E+004 -0.132395184721670E+002  0.656013172755676E+002  0.350224694623059E+000 -0.706475902779180E+001 -0.705105836809516E+003
  0.222033670973828E+000  0.140868995728536E+004  0.178070653455772E+001  0.702261833630155E+002  0.342079486237988E+000 -0.706475902779180E+001 -0.705097406138242E+003
  0.222033670973828E+000  0.140868736952308E+004  0.527014032362646E+001  0.633112142811686E+002  0.341133834149867E+000 -0.706475902779180E+001 -0.705096112257099E+003
  0.222033670973828E+000  0.140868523943359E+004 -0.160034879208673E+001  0.710835519086711E+002  0.319486395177898E+000 -0.706475902779180E+001 -0.705095047212357E+003
  0.222033670973828E+000  0.140868072809828E+004 -0.215661971911859E+001  0.697521411086141E+002  0.344187349618822E+000 -0.706475902779180E+001 -0.705092791544699E+003
  0.222033670973828E+000  0.140867823119670E+004 -0.276857597508647E+001  0.705980343498153E+002  0.316751695440074E+000 -0.706475902779180E+001 -0.705091543093909E+003
  0.222033670973828E+000  0.140866200216323E+004  0.180666401944826E+002  0.667284816546663E+002  0.350239658863655E+000 -0.706475902779180E+001 -0.705083428577175E+003
  0.222033670973828E+000  0.140866090928964E+004  0.111808243682571E+002  0.664962186761766E+002  0.350268736295080E+000 -0.706475902779180E+001 -0.705082882140379E+003
  0.222033670973828E+000  0.140864725987001E+004 -0.193459865629203E+002  0.648015710876850E+002  0.348261741288947E+000 -0.706475902779180E+001 -0.705076057430567E+003
  0.222033670973828E+000  0.140863267312622E+004  0.139938306985387E+002  0.709984268578393E+002  0.319784609137401E+000 -0.706475902779180E+001 -0.705068764058669E+003
  0.222033670973828E+000  0.140861903662181E+004 -0.121116131397499E+002  0.635981269732564E+002  0.342417587850089E+000 -0.706475902779180E+001 -0.705061945806465E+003
  0.222033670973828E+000  0.140861774697908E+004 -0.220652696538910E+000  0.656107333939699E+002  0.316044934712596E+000 -0.706475902779180E+001 -0.705061300985103E+003
  0.222033670973828E+000  0.140858431783049E+004  0.275718406705559E+001  0.698926475011953E+002  0.315357497093353E+000 -0.706475902779180E+001 -0.705044586410808E+003
  0.222033670973828E+000  0.140856838387052E+004  0.166499043261093E+002  0.702049124883593E+002  0.316531504257010E+000 -0.706475902779180E+001 -0.705036619430821E+003
  0.222033670973828E+000  0.140854200923887E+004 -0.911885776694679E+001  0.634015511677877E+002  0.338051437410625E+000 -0.706475902779180E+001 -0.705023432114994E+003
  0.222033670973828E+000  0.140853493725092E+004  0.544466467572547E+001  0.689920150204170E+002  0.314131481225551E+000 -0.706475902779180E+001 -0.705019896121022E+003
  0.222033670973828E+000  0.140852245731628E+004  0.467158253573671E+001  0.705337444168508E+002  0.337966410418601E+000 -0.706475902779180E+001 -0.705013656153702E+003
  0.222033670973828E+000  0.140851776013529E+004 -0.182373488676494E+002  0.676307794206357E+002  0.348251069475677E+000 -0.706475902779180E+001 -0.705011307563205E+003
  0.222033670973828E+000  0.140851290973837E+004  0.150876100643099E+002  0.685762000761895E+002  0.346411318035703E+000 -0.706475902779180E+001 -0.705008882364747E+003
  0.222033670973828E+000  0.140850934202194E+004  0.769170003030879E+000  0.638296709547779E+002  0.342146330311963E+000 -0.706475902779180E+001 -0.705007098506533E+003
  0.222033670973828E+000  0.140850661600675E+004 -0.517837130964525E+001  0.664930877145535E+002  0.348884656723374E+000 -0.706475902779180E+001 -0.705005735498937E+003
  0.222033670973828E+000  0.140850083807733E+004  0.686254871280720E+000  0.692636530596636E+002  0.344211681461601E+000 -0.706475902779180E+001 -0.705002846534224E+003
  0.222033670973828E+000  0.140849747139948E+004  0.101496422300405E+002  0.704100134265766E+002  0.338470468385926E+000 -0.706475902779180E+001 -0.705001163195303E+003
  0.222033670973828E+000  0.140849164309388E+004  0.418944463874722E+001  0.691530605778312E+002  0.314771970415501E+000 -0.706475902779180E+001 -0.704998249042503E+003
  0.222033670973828E+000  0.140848859387247E+004 -0.171801927652638E+002  0.690153406648948E+002  0.314607973642927E+000 -0.706475902779180E+001 -0.704996724431798E+003
  0.222033670973828E+000  0.140847792207530E+004  0.837976016674869E+001  0.703798416113853E+002  0.318494831377294E+000 -0.706475902779180E+001 -0.704991388533208E+003
  0.222033670973828E+000  0.140847720215400E+004  0.517898740854282E+001  0.690735168373103E+002  0.314799729878569E+000 -0.706475902779180E+001 -0.704991028572559E+003
  0.222033670973828E+000  0.140847033215918E+004 -0.164634253770183E+002  0.665035982725117E+002  0.315416071194161E+000 -0.706475902779180E+001 -0.704987593575151E+003
  0.222033670973828E+000  0.140846841098490E+004 -0.137669996780311E+002  0.699211087815531E+002  0.341000779860046E+000 -0.706475902779180E+001 -0.704986632988011E+003
  0.222033670973828E+000  0.140846674622082E+004 -0.825476810455241E+001  0.700045542451783E+002  0.340535074072790E+000 -0.706475902779180E+001 -0.704985800605971E+003
  0.222033670973828E+000  0.140845634593088E+004 -0.351322960662231E+001  0.658874547544441E+002  0.316831637629535E+000 -0.706475902779180E+001 -0.704980600460999E+003
  0.222033670973828E+000  0.140845204621736E+004  0.169131946726786E+002  0.698058679124795E+002  0.341377503399631E+000 -0.706475902779180E+001 -0.704978450604239E+003
  0.222033670973828E+000  0.140843284859260E+004  0.101598128750708E+002  0.641555831507583E+002  0.342973489170859E+000 -0.706475902779180E+001 -0.704968851791863E+003
  0.222033670973828E+000  0.140842961456542E+004 -0.114885173157872E+002  0.649583754440731E+002  0.320164902056763E+000 -0.706475902779180E+001 -0.704967234778270E+003
  0.222033670973828E+000  0.140842903982434E+004 -0.833987677414161E+000  0.710209507478797E+002  0.327077937407482E+000 -0.706475902779180E+001 -0.704966947407733E+003
  0.222033670973828E+000  0.140842352760280E+004 -0.175288992850363E+002  0.695304296632978E+002  0.342301050748438E+000 -0.706475902779180E+001 -0.704964191296960E+003
  0.222033670973828E+000  0.140842110319650E+004 -0.103642568616115E+002  0.694751731432498E+002  0.316122600299047E+000 -0.706475902779180E+001 -0.704962979093812E+003
  0.222033670973828E+000  0.140841966348522E+004 -0.351851026251352E+001  0.640967133177247E+002  0.325256712884759E+000 -0.706475902779180E+001 -0.704962259238169E+003
  0.222033670973828E+000  0.140841614253470E+004 -0.986919607055349E+001  0.655109607450826E+002  0.318292589840029E+000 -0.706475902779180E+001 -0.704960498762910E+003
  0.222033670973828E+000  0.140841223521368E+004 -0.135927402556998E+001  0.644029466434434E+002  0.323222972911571E+000 -0.706475902779180E+001 -0.704958545102399E+003
  0.222033670973828E+000  0.140840301158886E+004  0.548626171419226E+001  0.637872586697193E+002  0.328820283848059E+000 -0.706475902779180E+001 -0.704953933289990E+003
  0.222033670973828E+000  0.140839183430300E+004 -0.134703162624665E+002  0.657196656789365E+002  0.317921604085980E+000 -0.706475902779180E+001 -0.704948344647059E+003
  0.222033670973828E+000  0.140838718936341E+004 -0.194589558884667E+002  0.642245262577769E+002  0.324834736447559E+000 -0.706475902779180E+001 -0.704946022177268E+003
  0.222033670973828E+000  0.140838490296770E+004  0.119633962195998E+000  0.640275693273687E+002  0.326533993752711E+000 -0.706475902779180E+001 -0.704944878979413E+003
  0.222033670973828E+000  0.140838392454279E+004 -0.127231160014911E+001  0.638422866705795E+002  0.328624727325710E+000 -0.706475902779180E+001 -0.704944389766954E+003
  0.222033670973828E+000  0.140837777151223E+004  0.522206108245480E+001  0.636605205930195E+002  0.332956785142252E+000 -0.706475902779180E+001 -0.704941313251676E+003
  0.222033670973828E+000  0.140837130258169E+004  0.180267257813027E+002  0.701240687122140E+002  0.318880757654596E+000 -0.706475902779180E+001 -0.704938078786405E+003
  0.222033670973828E+000  0.140836826338365E+004  0.184119393248469E+002  0.636722425097462E+002  0.333889432835973E+000 -0.706475902779180E+001 -0.704936559187385E+003
  0.222033670973828E+000  0.140836634962749E+004 -0.190161845938437E+001  0.701526108199942E+002  0.319090776767605E+000 -0.706475902779180E+001 -0.704935602309307E+003
  0.222033670973828E+000  0.140834581155128E+004 -0.136305335521797E+002  0.704452431241466E+002  0.321191420081404E+000 -0.706475902779180E+001 -0.704925333271199E+003
  0.222033670973828E+000  0.140833701698941E+004 -0.982298768436590E+001  0.640174799106965E+002  0.327737342690846E+000 -0.706475902779180E+001 -0.704920935990266E+003
  0.222033670973828E+000  0.140832589054685E+004  0.175138823477239E+001  0.637828036193690E+002  0.335575294992057E+000 -0.706475902779180E+001 -0.704915372768984E+003
  0.222033670973828E+000  0.140832144680619E+004  0.168564090530545E+002  0.706890419453859E+002  0.331733752273006E+000 -0.706475902779180E+001 -0.704913150898656E+003
  0.222033670973828E+000  0.140832136575841E+004  0.402744443464764E+001  0.649146994256906E+002  0.344686427767769E+000 -0.706475902779180E+001 -0.704913110374767E+003
  0.222033670973828E+000  0.140832013381614E+004  0.174145476295733E+002  0.637841436436063E+002  0.334924372427059E+000 -0.706475902779180E+001 -0.704912494403631E+003
  0.222033670973828E+000  0.140829972734316E+004  0.152780332127080E+002  0.696889116257635E+002  0.318210479726193E+000 -0.706475902779180E+001 -0.704902291167139E+003
  0.222033670973828E+000  0.140829835836085E+004  0.172423585634038E+002  0.701700684824730E+002  0.336902167179136E+000 -0.706475902779180E+001 -0.704901606675985E+003
  0.222033670973828E+000  0.140828292289673E+004  0.174885736063368E+002  0.693983948698504E+002  0.317588403720189E+000 -0.706475902779180E+001 -0.704893888943927E+003
  0.222033670973828E+000  0.140827952512885E+004  0.193800415318048E+002  0.695397337138674E+002  0.340428461543081E+000 -0.706475902779180E+001 -0.704892190059985E+003
  0.222033670973828E+000  0.140827951786945E+004 -0.143827796963097E+002  0.687034848585412E+002  0.343635508891823E+000 -0.706475902779180E+001 -0.704892186430283E+003
  0.222033670973828E+000  0.140827821797080E+004  0.145394168302967E+002  0.684547529299460E+002  0.316175234291605E+000 -0.706475902779180E+001 -0.704891536480961E+003
  0.222033670973828E+000  0.140827286272281E+004 -0.531771376043744E+001  0.638943881832812E+002  0.332839909687032E+000 -0.706475902779180E+001 -0.704888858856967E+003
  0.222033670973828E+000  0.140825934638161E+004  0.469761626403176E+001  0.705579921646997E+002  0.331566077903096E+000 -0.706475902779180E+001 -0.704882100686368E+003
  0.222033670973828E+000  0.140825810484482E+004  0.332782751219509E+001  0.643374854662001E+002  0.326388108245349E+000 -0.706475902779180E+001 -0.704881479917968E+003
  0.222033670973828E+000  0.140825630575319E+004  0.163520249813007E+002  0.670877465199083E+002  0.316651828625934E+000 -0.706475902779180E+001 -0.704880580372154E+003
  0.222033670973828E+000  0.140825222709458E+004  0.580316629720226E+001  0.685117746022132E+002  0.343869477690599E+000 -0.706475902779180E+001 -0.704878541042852E+003
  0.222033670973828E+000  0.140824221378303E+004 -0.129640972639729E+002  0.640788711362113E+002  0.329821205515593E+000 -0.706475902779180E+001 -0.704873534387075E+003
  0.222033670973828E+000  0.140823330887852E+004 -0.927447509991896E+001  0.644927853874074E+002  0.325617358184534E+000 -0.706475902779180E+001 -0.704869081934819E+003
  0.222033670973828E+000  0.140822813421550E+004  0.193843041114965E+002  0.705553523960648E+002  0.326740161015858E+000 -0.706475902779180E+001 -0.704866494603310E+003
  0.222033670973828E+000  0.140822608533941E+004 -0.733634913770035E+001  0.679873070845062E+002  0.344780292657469E+000 -0.706475902779180E+001 -0.704865470165265E+003
  0.222033670973828E+000  0.140822326868785E+004  0.490512691215210E+001  0.704204999869662E+002  0.324197817413713E+000 -0.706475902779180E+001 -0.704864061839484E+003
  0.222033670973828E+000  0.140822139386613E+004  0.169287339565373E+002  0.642386832684854E+002  0.339054801173642E+000 -0.706475902779180E+001 -0.704863124428623E+003
  0.222033670973828E+000  0.140822051212580E+004  0.121830935038684E+002  0.659992301337881E+002  0.345667091199853E+000 -0.706475902779180E+001 -0.704862683558463E+003
  0.222033670973828E+000  0.140821438052575E+004  0.104716823121219E+002  0.704688386223948E+002  0.325348551497541E+000 -0.706475902779180E+001 -0.704859617758437E+003
  0.222033670973828E+000  0.140820687614687E+004 -0.839319862577351E+001  0.703095020267933E+002  0.333485620739460E+000 -0.706475902779180E+001 -0.704855865568994E+003
  0.222033670973828E+000  0.140820001695233E+004 -0.347641416594470E+001  0.643033630669833E+002  0.328136141271884E+000 -0.706475902779180E+001 -0.704852435971727E+003
  0.222033670973828E+000  0.140819888069210E+004 -0.963036465782797E+001  0.704266796597049E+002  0.331349841706328E+000 -0.706475902779180E+001 -0.704851867841611E+003
  0.222033670973828E+000  0.140819833408776E+004  0.254380379353585E+001  0.694580975411064E+002  0.318894963813214E+000 -0.706475902779180E+001 -0.704851594539443E+003
  0.222033670973828E+000  0.140818810114732E+004  0.108611897934519E+002  0.646581556168045E+002  0.341454767943691E+000 -0.706475902779180E+001 -0.704846478069220E+003
  0.222033670973828E+000  0.140818690803147E+004 -0.164017007133226E+002  0.668440933240844E+002  0.345595750936020E+000 -0.706475902779180E+001 -0.704845881511298E+003
  0.222033670973828E+000  0.140817758098503E+004 -0.162375267708529E+002  0.701876227577799E+002  0.334074809256550E+000 -0.706475902779180E+001 -0.704841217988077E+003
  0.222033670973828E+000  0.140817282354692E+004 -0.114673307999539E+002  0.704257912143456E+002  0.329489062934357E+000 -0.706475902779180E+001 -0.704838839269022E+003
  0.222033670973828E+000  0.140817188871494E+004 -0.193265235880164E+002  0.703112235544380E+002  0.332261031176113E+000 -0.706475902779180E+001 -0.704838371853031E+003
  0.222033670973828E+000  0.140816573332261E+004 -0.183388267397286E+002  0.657421904871648E+002  0.320412081900343E+000 -0.706475902779180E+001 -0.704835294156867E+003
  0.222033670973828E+000  0.140814988019282E+004 -0.178351348836969E+002  0.703120284508028E+002  0.331237781884385E+000 -0.706475902779180E+001 -0.704827367591971E+003
  0.222033670973828E+000  0.140814506767270E+004  0.297050885958431E+001  0.702639722605356E+002  0.331935922659622E+000 -0.706475902779180E+001 -0.704824961331910E+003
  0.222033670973828E+000  0.140814095971314E+004  0.234046707634363E+000  0.655045406713741E+002  0.343838897968553E+000 -0.706475902779180E+001 -0.704822907352131E+003
  0.222033670973828E+000  0.140814038056056E+004 -0.146175197709865E+002  0.665946806342083E+002  0.318593063146105E+000 -0.706475902779180E+001 -0.704822617775843E+003
  0.222033670973828E+000  0.140813389259592E+004  0.780571057319776E+000  0.682608388540467E+002  0.317654299239902E+000 -0.706475902779180E+001 -0.704819373793520E+003
  0.222033670973828E+000  0.140811968125046E+004  0.194441384654791E+002  0.643793250480957E+002  0.337277149691463E+000 -0.706475902779180E+001 -0.704812268120792E+003
  0.222033670973828E+000  0.140811590481806E+004 -0.172655468654466E+002  0.702898312500212E+002  0.328072609347023E+000 -0.706475902779180E+001 -0.704810379904591E+003
  0.222033670973828E+000  0.140811521064627E+004  0.182455829192983E+002  0.646121259490417E+002  0.327201774610762E+000 -0.706475902779180E+001 -0.704810032818698E+003
  0.222033670973828E+000  0.140810743275521E+004 -0.114883589966147E+002  0.643033236738148E+002  0.332471077434337E+000 -0.706475902779180E+001 -0.704806143873165E+003
  0.222033670973828E+000  0.140810535278970E+004  0.106715268051935E+002  0.672445252783420E+002  0.344435686963660E+000 -0.706475902779180E+001 -0.704805103890413E+003
  0.222033670973828E+000  0.140810382858728E+004 -0.183249888939263E+002  0.694109568182202E+002  0.338433353843466E+000 -0.706475902779180E+001 -0.704804341789203E+003
  0.222033670973828E+000  0.140810009420615E+004  0.864813681595494E+001  0.691205667929452E+002  0.339804907343016E+000 -0.706475902779180E+001 -0.704802474598634E+003
  0.222033670973828E+000  0.140809460995727E+004 -0.156640095287610E+002  0.677314624836725E+002  0.317994149626510E+000 -0.706475902779180E+001 -0.704799732474196E+003
  0.222033670973828E+000  0.140809079071200E+004 -0.998438864616513E+001  0.691224132467555E+002  0.339655481325614E+000 -0.706475902779180E+001 -0.704797822851562E+003
  0.222033670973828E+000  0.140809025760103E+004 -0.191842494945930E+002  0.643425949234819E+002  0.334295086701075E+000 -0.706475902779180E+001 -0.704797556296076E+003
  0.222033670973828E+000  0.140808296191851E+004  0.414019943522316E+000  0.661143902447683E+002  0.344077271628996E+000 -0.706475902779180E+001 -0.704793908454816E+003
  0.222033670973828E+000  0.140807967276204E+004  0.188366801465668E+002  0.659052067902454E+002  0.321004384705416E+000 -0.706475902779180E+001 -0.704792263876582E+003
  0.222033670973828E+000  0.140807474807884E+004 -0.171179128114399E+002  0.647874497715847E+002  0.326650744352613E+000 -0.706475902779180E+001 -0.704789801534981E+003
  0.222033670973828E+000  0.140806891995151E+004 -0.239727585978557E+001  0.697995263088896E+002  0.335079745661928E+000 -0.706475902779180E+001 -0.704786887471317E+003
  0.222033670973828E+000  0.140806634096496E+004  0.141842466781824E+002  0.696604011535868E+002  0.321978952157580E+000 -0.706475902779180E+001 -0.704785597978042E+003
  0.222033670973828E+000  0.140806583369669E+004  0.911132687676633E+001  0.675997078835351E+002  0.343559879075019E+000 -0.706475902779180E+001 -0.704785344343905E+003
  0.222033670973828E+000  0.140806129538697E+004 -0.326229885179302E+001  0.645934445630201E+002  0.337785597515248E+000 -0.706475902779180E+001 -0.704783075189043E+003
  0.222033670973828E+000  0.140805979249611E+004  0.123393734700610E+002  0.687360846592663E+002  0.319128581954783E+000 -0.706475902779180E+001 -0.704782323743617E+003
  0.222033670973828E+000  0.140805708494979E+004 -0.124534580881479E+002  0.644395384197749E+002  0.334631872318019E+000 -0.706475902779180E+001 -0.704780969970457E+003
  0.222033670973828E+000  0.140805404048280E+004  0.862836953218089E+001  0.645741673045206E+002  0.329503662440756E+000 -0.706475902779180E+001 -0.704779447736961E+003
  0.222033670973828E+000  0.140804773161374E+004  0.119600467228533E+001  0.659263322553544E+002  0.321371611318470E+000 -0.706475902779180E+001 -0.704776293302433E+003
  0.222033670973828E+000  0.140804514716025E+004 -0.386781696719337E+001  0.699268481524810E+002  0.333045400856878E+000 -0.706475902779180E+001 -0.704775001075688E+003
  0.222033670973828E+000  0.140803758257882E+004 -0.144099432015607E+002  0.674902263995444E+002  0.343351401255503E+000 -0.706475902779180E+001 -0.704771218784972E+003
  0.222033670973828E+000  0.140803307198009E+004  0.730766901277526E+000  0.686676792430839E+002  0.319388631606110E+000 -0.706475902779180E+001 -0.704768963485607E+003
  0.222033670973828E+000  0.140802787389949E+004  0.556166071480064E+001  0.669836742969818E+002  0.319325527296361E+000 -0.706475902779180E+001 -0.704766364445307E+003
  0.222033670973828E+000  0.140802565601716E+004 -0.184454022078169E+002  0.671769285674917E+002  0.319133824932158E+000 -0.706475902779180E+001 -0.704765255504143E+003
  0.222033670973828E+000  0.140801842503452E+004  0.187959819540272E+002  0.695502453758907E+002  0.335905389127185E+000 -0.706475902779180E+001 -0.704761640012819E+003
  0.222033670973828E+000  0.140801639720915E+004 -0.185920815710243E+002  0.699966421159331E+002  0.327246433331163E+000 -0.706475902779180E+001 -0.704760626100135E+003
  0.222033670973828E+000  0.140801447444687E+004 -0.687862780285545E+000  0.673030103561182E+002  0.319161147432802E+000 -0.706475902779180E+001 -0.704759664718994E+003
  0.222033670973828E+000  0.140801196828342E+004  0.839334145500406E+000  0.689222715511371E+002  0.320211850732897E+000 -0.706475902779180E+001 -0.704758411637269E+003
  0.222033670973828E+000  0.140800930763212E+004 -0.181088081273410E+002  0.687356759420510E+002  0.319852847672554E+000 -0.706475902779180E+001 -0.704757081311623E+003
  0.222033670973828E+000  0.140800588734686E+004 -0.178525852723935E+002  0.697692811704294E+002  0.333600337347889E+000 -0.706475902779180E+001 -0.704755371168991E+003
  0.222033670973828E+000  0.140800180062622E+004  0.192590027345808E+002  0.696823224827870E+002  0.323678345649474E+000 -0.706475902779180E+001 -0.704753327808671E+003
  0.222033670973828E+000  0.140799273235409E+004 -0.371958536809439E+001  0.689740064048397E+002  0.320654153296798E+000 -0.706475902779180E+001 -0.704748793672606E+003
  0.222033670973828E+000  0.140799103657665E+004 -0.929285066198172E+001  0.663854251627101E+002  0.343071582832001E+000 -0.706475902779180E+001 -0.704747945783888E+003
  0.222033670973828E+000  0.140798762801059E+004 -0.592460501042333E+001  0.667082669708534E+002  0.320259726170079E+000 -0.706475902779180E+001 -0.704746241500858E+003
  0.222033670973828E+000  0.140797889167878E+004  0.490916431380147E+001  0.651738753724785E+002  0.339902673554972E+000 -0.706475902779180E+001 -0.704741873334953E+003
  0.222033670973828E+000  0.140796925190391E+004 -0.154532410016934E+000  0.647063636054781E+002  0.331670428239255E+000 -0.706475902779180E+001 -0.704737053447517E+003
  0.222033670973828E+000  0.140796604189188E+004  0.102968557546809E+002  0.647274670479833E+002  0.331331819500777E+000 -0.706475902779180E+001 -0.704735448441503E+003
  0.222033670973828E+000  0.140796510919222E+004  0.415189678383009E+001  0.678475420172090E+002  0.341832009531444E+000 -0.706475902779180E+001 -0.704734982091669E+003
  0.222033670973828E+000  0.140796370120993E+004  0.444283974413215E+001  0.647486517883504E+002  0.330981783485622E+000 -0.706475902779180E+001 -0.704734278100528E+003
  0.222033670973828E+000  0.140795273220366E+004 -0.503626335407922E+000  0.697189289655153E+002  0.325763768965372E+000 -0.706475902779180E+001 -0.704728793597392E+003
  0.222033670973828E+000  0.140794731947163E+004 -0.205988183987181E+001  0.682235953352294E+002  0.320055142085452E+000 -0.706475902779180E+001 -0.704726087231375E+003
  0.222033670973828E+000  0.140794154060925E+004 -0.884594668397658E+001  0.650223582397638E+002  0.328128603761516E+000 -0.706475902779180E+001 -0.704723197800185E+003
  0.222033670973828E+000  0.140793877820146E+004 -0.154301908756265E+002  0.652826506471510E+002  0.339543793940258E+000 -0.706475902779180E+001 -0.704721816596290E+003
  0.222033670973828E+000  0.140793734383198E+004  0.947632033530973E+001  0.661602636973520E+002  0.342039435251330E+000 -0.706475902779180E+001 -0.704721099411552E+003
  0.222033670973828E+000  0.140792464678808E+004  0.470703196110473E+001  0.656883232726946E+002  0.324208275721431E+000 -0.706475902779180E+001 -0.704714750889602E+003
  0.222033670973828E+000  0.140792414409594E+004  0.189289582146396E+002  0.694373539765955E+002  0.324093866634732E+000 -0.706475902779180E+001 -0.704714499543528E+003
  0.222033670973828E+000  0.140792187084423E+004 -0.589001433550387E+001  0.676467487617628E+002  0.320217275910964E+000 -0.706475902779180E+001 -0.704713362917678E+003
  0.222033670973828E+000  0.140792022990705E+004 -0.514577632251651E+000  0.668943891784603E+002  0.342201798037447E+000 -0.706475902779180E+001 -0.704712542449084E+003
  0.222033670973828E+000  0.140791429978994E+004 -0.127078366199633E+000  0.658510895730462E+002  0.323702363848295E+000 -0.706475902779180E+001 -0.704709577390532E+003
  0.222033670973828E+000  0.140790184717246E+004  0.128864312916473E+002  0.661533429010189E+002  0.341452105338268E+000 -0.706475902779180E+001 -0.704703351081791E+003
  0.222033670973828E+000  0.140790154861018E+004 -0.639001506731541E+001  0.695933308551230E+002  0.326580695145242E+000 -0.706475902779180E+001 -0.704703201800649E+003
  0.222033670973828E+000  0.140788660066881E+004  0.161569796626775E+002  0.692511608357490E+002  0.334893462564437E+000 -0.706475902779180E+001 -0.704695727829966E+003
  0.222033670973828E+000  0.140787660994157E+004 -0.114964038030939E+002  0.650648726220871E+002  0.330213873689636E+000 -0.706475902779180E+001 -0.704690732466344E+003
  0.222033670973828E+000  0.140787468486789E+004  0.254009350263986E+001  0.670513467875936E+002  0.341470850847195E+000 -0.706475902779180E+001 -0.704689769929504E+003
  0.222033670973828E+000  0.140787001381559E+004 -0.414863685695954E+001  0.689960943785283E+002  0.336221179357001E+000 -0.706475902779180E+001 -0.704687434403355E+003
  0.222033670973828E+000  0.140785945932243E+004  0.948562075846146E+001  0.662040975270947E+002  0.323393874284217E+000 -0.706475902779180E+001 -0.704682157156775E+003
  0.222033670973828E+000  0.140785928184027E+004 -0.193955079540098E+001  0.675177609760432E+002  0.340809966748806E+000 -0.706475902779180E+001 -0.704682068415694E+003
  0.222033670973828E+000  0.140785748488918E+004  0.386217471530914E+001  0.653592571718588E+002  0.327690422268045E+000 -0.706475902779180E+001 -0.704681169940149E+003
  0.222033670973828E+000  0.140785658809707E+004 -0.117265278787003E+002  0.652760164317211E+002  0.337186530761830E+000 -0.706475902779180E+001 -0.704680721544095E+003
  0.222033670973828E+000  0.140785464374351E+004  0.151859787706369E+002  0.676516158381648E+002  0.340533510531258E+000 -0.706475902779180E+001 -0.704679749367316E+003
  0.222033670973828E+000  0.140784618333120E+004 -0.887600040756793E+001  0.672549850301919E+002  0.340892809727754E+000 -0.706475902779180E+001 -0.704675519161162E+003
  0.222033670973828E+000  0.140783223466176E+004  0.740840238426492E+001  0.672005955206350E+002  0.340708864654501E+000 -0.706475902779180E+001 -0.704668544826441E+003
  0.222033670973828E+000  0.140783030543079E+004 -0.338203035001085E+001  0.694143341398504E+002  0.329359669795333E+000 -0.706475902779180E+001 -0.704667580210955E+003
  0.222033670973828E+000  0.140782962688385E+004  0.210964771187879E+001  0.661391388501380E+002  0.324158152072833E+000 -0.706475902779180E+001 -0.704667240937487E+003
  0.222033670973828E+000  0.140782941254908E+004 -0.111397310072339E+002  0.662843189151092E+002  0.340371231836444E+000 -0.706475902779180E+001 -0.704667133770101E+003
  0.222033670973828E+000  0.140782671161711E+004 -0.171509376747321E+001  0.693131007629723E+002  0.326693996532604E+000 -0.706475902779180E+001 -0.704665783304116E+003
  0.222033670973828E+000  0.140782354588136E+004 -0.154192354560788E+001  0.659141280098935E+002  0.339454469492246E+000 -0.706475902779180E+001 -0.704664200436243E+003
  0.222033670973828E+000  0.140782274777754E+004 -0.547719030051293E+001  0.692679413342377E+002  0.332442534389103E+000 -0.706475902779180E+001 -0.704663801384329E+003
  0.222033670973828E+000  0.140780945432036E+004  0.124789396820236E+002  0.658349372799356E+002  0.338876926018338E+000 -0.706475902779180E+001 -0.704657154655743E+003
  0.222033670973828E+000  0.140780699117711E+004 -0.159247550169395E+002  0.660011680493571E+002  0.325157342470410E+000 -0.706475902779180E+001 -0.704655923084115E+003
  0.222033670973828E+000  0.140779926980864E+004  0.149488707932124E+002  0.666194939471069E+002  0.340174165887631E+000 -0.706475902779180E+001 -0.704652062399880E+003
  0.222033670973828E+000  0.140779671176344E+004 -0.166803071115879E+002  0.666267206649564E+002  0.340131704867496E+000 -0.706475902779180E+001 -0.704650783377282E+003
  0.222033670973828E+000  0.140779455274133E+004 -0.235619789446621E+001  0.657640462913418E+002  0.326644381791154E+000 -0.706475902779180E+001 -0.704649703866226E+003
  0.222033670973828E+000  0.140779437280684E+004 -0.127389406095703E+002  0.684817166225784E+002  0.337132025011685E+000 -0.706475902779180E+001 -0.704649613898979E+003
  0.222033670973828E+000  0.140778777975123E+004 -0.840102969902126E+001  0.687231770163421E+002  0.323993699366222E+000 -0.706475902779180E+001 -0.704646317371176E+003
  0.222033670973828E+000  0.140778700456492E+004 -0.112197465503325E+002  0.681055227436494E+002  0.322590867506828E+000 -0.706475902779180E+001 -0.704645929778021E+003
  0.222033670973828E+000  0.140778324605906E+004 -0.180709232230536E+002  0.689091262365216E+002  0.324989775222341E+000 -0.706475902779180E+001 -0.704644050525088E+003
  0.222033670973828E+000  0.140778293874057E+004  0.189666604523572E+002  0.692160917032634E+002  0.328351088181637E+000 -0.706475902779180E+001 -0.704643896865844E+003
  0.222033670973828E+000  0.140778218341027E+004 -0.299398642843854E+001  0.665350190539557E+002  0.323836486601388E+000 -0.706475902779180E+001 -0.704643519200698E+003
  0.222033670973828E+000  0.140777857788649E+004 -0.183838321157360E+001  0.686303326732247E+002  0.336062194576908E+000 -0.706475902779180E+001 -0.704641716438805E+003
  0.222033670973828E+000  0.140777741480850E+004  0.121819316081871E+002  0.688385610992196E+002  0.324789427954847E+000 -0.706475902779180E+001 -0.704641134899811E+003
  0.222033670973828E+000  0.140777373645436E+004  0.163831974303357E+002  0.690299274808904E+002  0.333008191434954E+000 -0.706475902779180E+001 -0.704639295722740E+003
  0.222033670973828E+000  0.140776744697138E+004 -0.686129042362538E+001  0.654948669758830E+002  0.335418640463703E+000 -0.706475902779180E+001 -0.704636150981249E+003
  0.222033670973828E+000  0.140776599935834E+004 -0.911479606070795E+001  0.689236883776246E+002  0.333726599387969E+000 -0.706475902779180E+001 -0.704635427174730E+003
  0.222033670973828E+000  0.140776592385479E+004  0.134292720487542E+002  0.690242747652018E+002  0.332705488526224E+000 -0.706475902779180E+001 -0.704635389422958E+003
  0.222033670973828E+000  0.140776182279804E+004 -0.118671418563231E+002  0.654391736941477E+002  0.334104687705337E+000 -0.706475902779180E+001 -0.704633338894580E+003
  0.222033670973828E+000  0.140776162323386E+004 -0.296262962306125E+001  0.688824345082021E+002  0.325561030717408E+000 -0.706475902779180E+001 -0.704633239112491E+003
  0.222033670973828E+000  0.140775972001093E+004 -0.194141214940191E+001  0.655233646546923E+002  0.335320549632765E+000 -0.706475902779180E+001 -0.704632287501025E+003
  0.222033670973828E+000  0.140775939108951E+004  0.735194844893833E+000  0.662105687156621E+002  0.325349142148241E+000 -0.706475902779180E+001 -0.704632123040313E+003
  0.222033670973828E+000  0.140775204816752E+004  0.807421369860094E+000  0.672429379067480E+002  0.323158600283825E+000 -0.706475902779180E+001 -0.704628451579321E+003
  0.222033670973828E+000  0.140774525845834E+004  0.103405582402511E+001  0.657843176850080E+002  0.327992508340847E+000 -0.706475902779180E+001 -0.704625056724731E+003
  0.222033670973828E+000  0.140774354409536E+004  0.425356802974497E+001  0.684856978117921E+002  0.335894085781862E+000 -0.706475902779180E+001 -0.704624199543242E+003
  0.222033670973828E+000  0.140774329087369E+004  0.108005683328093E+002  0.687942857903864E+002  0.325670973055125E+000 -0.706475902779180E+001 -0.704624072932405E+003
  0.222033670973828E+000  0.140773616525640E+004 -0.169510488782016E+002  0.657515028023939E+002  0.336269298183023E+000 -0.706475902779180E+001 -0.704620510123761E+003
  0.222033670973828E+000  0.140773207025997E+004  0.165595789011952E+002  0.671171000933905E+002  0.323680318337215E+000 -0.706475902779180E+001 -0.704618462625548E+003
  0.222033670973828E+000  0.140772592663183E+004 -0.400580281891542E+001  0.688552293529285E+002  0.326880651028977E+000 -0.706475902779180E+001 -0.704615390811476E+003
  0.222033670973828E+000  0.140772116957648E+004 -0.102029327764110E+002  0.658957078481587E+002  0.336593763742486E+000 -0.706475902779180E+001 -0.704613012283798E+003
  0.222033670973828E+000  0.140771394306661E+004  0.562397677389980E+001  0.675608108591831E+002  0.323750350413707E+000 -0.706475902779180E+001 -0.704609399028864E+003
  0.222033670973828E+000  0.140771306230611E+004 -0.110839475994724E+002  0.660772785390512E+002  0.337165533129774E+000 -0.706475902779180E+001 -0.704608958648615E+003
  0.222033670973828E+000  0.140771049404403E+004 -0.180159526629182E+002  0.688872669246748E+002  0.328453707916603E+000 -0.706475902779180E+001 -0.704607674517574E+003
  0.222033670973828E+000  0.140770656518085E+004  0.301797576942270E+001  0.676027648483296E+002  0.337863182284710E+000 -0.706475902779180E+001 -0.704605710085986E+003
  0.222033670973828E+000  0.140769394238405E+004  0.580153952927427E+001  0.677309075018883E+002  0.324223825348078E+000 -0.706475902779180E+001 -0.704599398687584E+003
  0.222033670973828E+000  0.140769186330574E+004  0.189094889705685E+002  0.672359291190593E+002  0.324394526803798E+000 -0.706475902779180E+001 -0.704598359148433E+003
  0.222033670973828E+000  0.140769069696091E+004  0.150084085318116E+002  0.681751878416048E+002  0.335862865892434E+000 -0.706475902779180E+001 -0.704597775976016E+003
  0.222033670973828E+000  0.140768790679617E+004  0.669266905805244E+001  0.682732161195484E+002  0.335351266897723E+000 -0.706475902779180E+001 -0.704596380893645E+003
  0.222033670973828E+000  0.140767854918196E+004 -0.157327087225726E+002  0.676333562629527E+002  0.324551558731441E+000 -0.706475902779180E+001 -0.704591702086540E+003
  0.222033670973828E+000  0.140767597233967E+004 -0.399563007392774E+001  0.658415227252981E+002  0.333523169634840E+000 -0.706475902779180E+001 -0.704590413665395E+003
  0.222033670973828E+000  0.140858522488768E+004  0.156734937215269E+002  0.659211273561922E+002  0.330490438926120E+000 -0.706475902779180E+001 -0.704586310119859E+003
  0.222033670973828E+000  0.140857133550908E+004  0.111059541490634E+002  0.670940828139457E+002  0.337151311224560E+000 -0.706475902779180E+001 -0.704579365430564E+003
  0.222033670973828E+000  0.140852395750889E+004  0.906566274382469E+001  0.682915201007696E+002  0.330617652098633E+000 -0.706475902779180E+001 -0.704555676430468E+003
  0.222033670973828E+000  0.140851806894262E+004  0.181781282076119E+002  0.672611106429802E+002  0.326873488777330E+000 -0.706475902779180E+001 -0.704552732147333E+003
  0.222033670973828E+000  0.140851597557629E+004  0.178784693877423E+002  0.674789222612597E+002  0.335083121791224E+000 -0.706475902779180E+001 -0.704551685464165E+003
  0.222033670973828E+000  0.140850932435081E+004  0.152161335945900E+002  0.681388296393132E+002  0.331488701313582E+000 -0.706475902779180E+001 -0.704548359851426E+003
  0.222033670973828E+000  0.140850240801381E+004  0.537486506907768E+001  0.680356741852982E+002  0.332008202775079E+000 -0.706475902779180E+001 -0.704544901682927E+003
  0.222033670973828E+000  0.140849894392855E+004  0.194065333928377E+002  0.680676423132264E+002  0.331019817820255E+000 -0.706475902779180E+001 -0.704543169640296E+003
  0.222033670973828E+000  0.140849879949958E+004  0.180746103062622E+002  0.677944884452227E+002  0.328003363581490E+000 -0.706475902779180E+001 -0.704543097425811E+003
  0.222033670973828E+000  0.140849536010890E+004  0.148497095901745E+002  0.678419508157851E+002  0.332921614323041E+000 -0.706475902779180E+001 -0.704541377730469E+003
  0.222033670973828E+000  0.140849382237065E+004  0.714468395427652E+001  0.677415653419574E+002  0.328145644971488E+000 -0.706475902779180E+001 -0.704540608861348E+003
  0.222033670973828E+000  0.140848519432246E+004  0.102337323054812E+002  0.678028103264648E+002  0.332381202948926E+000 -0.706475902779180E+001 -0.704536294837251E+003
  0.222033670973828E+000  0.140848380703789E+004  0.172977140752222E+002  0.677854412064356E+002  0.329016592378826E+000 -0.706475902779180E+001 -0.704535601194967E+003
