 -0.126479913637078E+002  0.672281578309797E+002  0.331852914482576E+000 -0.706475902779180E+001 -0.704523581318672E+003 -0.704523581318672E+003
 -0.127016284352496E+002  0.671899298745099E+002  0.331321138583640E+000 -0.706475902779180E+001 -0.704523015936114E+003 -0.704523015936114E+003
 -0.131487991556608E+002  0.672483200856342E+002  0.330802096104790E+000 -0.706475902779180E+001 -0.704522990401201E+003 -0.704522990401201E+003
 -0.126282017362918E+002  0.672692147873772E+002  0.331576338078984E+000 -0.706475902779180E+001 -0.704523071932326E+003 -0.704523071932326E+003
 -0.131561555004322E+002  0.672193955207046E+002  0.331570947419426E+000 -0.706475902779180E+001 -0.704523107428399E+003 -0.704523107428399E+003
 -0.134659123153116E+002  0.672892209501633E+002  0.331117155404804E+000 -0.706475902779180E+001 -0.704522765219608E+003 -0.704522765219608E+003
 -0.131237546242312E+002  0.673605720439458E+002  0.330687044290285E+000 -0.706475902779180E+001 -0.704523215007613E+003 -0.704523215007613E+003
 -0.130041042985364E+002  0.672148806627977E+002  0.330785570428629E+000 -0.706475902779180E+001 -0.704523140549104E+003 -0.704523140549104E+003
 -0.128804877436495E+002  0.672704611721005E+002  0.331150734270253E+000 -0.706475902779180E+001 -0.704522760876506E+003 -0.704522760876506E+003
 -0.131772955258323E+002  0.673260672385534E+002  0.331141049596967E+000 -0.706475902779180E+001 -0.704522843216696E+003 -0.704522843216696E+003
