 -0.736186674125627E+001  0.673714227090021E+002  0.331325212241140E+000 -0.706475902779180E+001 -0.704523170399690E+003 -0.704523170399690E+003
 -0.843933149526615E+001  0.672670730229861E+002  0.331436185147617E+000 -0.706475902779180E+001 -0.704522903740777E+003 -0.704522903740777E+003
 -0.860891429584989E+001  0.672969552656702E+002  0.330939166893698E+000 -0.706475902779180E+001 -0.704522824516886E+003 -0.704522824516886E+003
 -0.635228327585931E+001  0.672820837935228E+002  0.331424957849181E+000 -0.706475902779180E+001 -0.704522903976419E+003 -0.704522903976419E+003
 -0.916681587456384E+001  0.671724250483261E+002  0.331349805764404E+000 -0.706475902779180E+001 -0.704523126705177E+003 -0.704523126705177E+003
 -0.846488871087819E+001  0.673878168171949E+002  0.330502867254041E+000 -0.706475902779180E+001 -0.704523623442978E+003 -0.704523623442978E+003
 -0.746109745852607E+001  0.672484882084626E+002  0.331577026947946E+000 -0.706475902779180E+001 -0.704523070623951E+003 -0.704523070623951E+003
 -0.675012981186501E+001  0.672612573949908E+002  0.330635577169923E+000 -0.706475902779180E+001 -0.704523192867514E+003 -0.704523192867514E+003
 -0.872291965440564E+001  0.672333098284228E+002  0.331844408662655E+000 -0.706475902779180E+001 -0.704523557532726E+003 -0.704523557532726E+003
 -0.695428998125803E+001  0.673795803494230E+002  0.330882729987293E+000 -0.706475902779180E+001 -0.704523142794521E+003 -0.704523142794521E+003
 -0.664600091433954E+001  0.673875800019285E+002  0.331583065325591E+000 -0.706475902779180E+001 -0.704523639371305E+003 -0.704523639371305E+003
 -0.755613824618857E+001  0.672564434374675E+002  0.330984781545292E+000 -0.706475902779180E+001 -0.704522816759424E+003 -0.704522816759424E+003
 -0.876143355626738E+001  0.673683832969796E+002  0.331636990981003E+000 -0.706475902779180E+001 -0.704523583851224E+003 -0.704523583851224E+003
 -0.772530564122920E+001  0.672908143743430E+002  0.331415917362872E+000 -0.706475902779180E+001 -0.704522908277548E+003 -0.704522908277548E+003
 -0.766558813253458E+001  0.672625524081207E+002  0.331564709242425E+000 -0.706475902779180E+001 -0.704523052006834E+003 -0.704523052006834E+003
 -0.645404608190062E+001  0.673709483276348E+002  0.330598410548682E+000 -0.706475902779180E+001 -0.704523381901159E+003 -0.704523381901159E+003
 -0.692652152015970E+001  0.673135229941974E+002  0.330934336490411E+000 -0.706475902779180E+001 -0.704522849943945E+003 -0.704522849943945E+003
 -0.831284877741551E+001  0.673946628918641E+002  0.331306914164562E+000 -0.706475902779180E+001 -0.704523329805387E+003 -0.704523329805387E+003
 -0.695777306421044E+001  0.671673588337749E+002  0.331156238034133E+000 -0.706475902779180E+001 -0.704523142759070E+003 -0.704523142759070E+003
