 -0.500721226406102E+001  0.674365615903768E+002  0.331188178687598E+000 -0.706475902779180E+001 -0.704523637939380E+003 -0.704523637939380E+003
 -0.227475154132670E+001  0.672902519417132E+002  0.330428743005112E+000 -0.706475902779180E+001 -0.704523550185187E+003 -0.704523550185187E+003
 -0.358554349259001E+001  0.673046050000094E+002  0.331057792419257E+000 -0.706475902779180E+001 -0.704522789893008E+003 -0.704522789893008E+003
 -0.182843793201842E+001  0.674153606396326E+002  0.330923444550398E+000 -0.706475902779180E+001 -0.704523389065747E+003 -0.704523389065747E+003
 -0.452199925298564E+001  0.671989378458789E+002  0.330783251199090E+000 -0.706475902779180E+001 -0.704523231850936E+003 -0.704523231850936E+003
 -0.442225040092507E+001  0.673073044695517E+002  0.331464559853262E+000 -0.706475902779180E+001 -0.704522999217184E+003 -0.704522999217184E+003
 -0.517380612325119E+001  0.671963995571175E+002  0.331223232851608E+000 -0.706475902779180E+001 -0.704522961669702E+003 -0.704522961669702E+003
 -0.293924034661325E+001  0.672138161472930E+002  0.331123020865384E+000 -0.706475902779180E+001 -0.704522889271174E+003 -0.704522889271174E+003
 -0.198372530127484E+001  0.671641719599576E+002  0.331743687801686E+000 -0.706475902779180E+001 -0.704523587016826E+003 -0.704523587016826E+003
 -0.158159247939312E+001  0.674256638687210E+002  0.331139562495999E+000 -0.706475902779180E+001 -0.704523499707684E+003 -0.704523499707684E+003
 -0.364607986095669E+001  0.674097943759930E+002  0.330903442611366E+000 -0.706475902779180E+001 -0.704523349163240E+003 -0.704523349163240E+003
 -0.446251167261999E+001  0.671762337609382E+002  0.331047307376949E+000 -0.706475902779180E+001 -0.704523124212567E+003 -0.704523124212567E+003
 -0.327369699461592E+001  0.672424690886894E+002  0.330988274157322E+000 -0.706475902779180E+001 -0.704522845063392E+003 -0.704522845063392E+003
 -0.361992262482222E+001  0.671715718112256E+002  0.331504754688076E+000 -0.706475902779180E+001 -0.704523234946400E+003 -0.704523234946400E+003
 -0.527843265228754E+001  0.671330073389626E+002  0.331198259476157E+000 -0.706475902779180E+001 -0.704523414592878E+003 -0.704523414592878E+003
 -0.489377098234453E+001  0.672490780639529E+002  0.330471089699639E+000 -0.706475902779180E+001 -0.704523550998711E+003 -0.704523550998711E+003
 -0.295818776592099E+001  0.671530507535255E+002  0.331495937931579E+000 -0.706475902779180E+001 -0.704523347023611E+003 -0.704523347023611E+003
 -0.525434887332307E+001  0.672382779946619E+002  0.330957023651177E+000 -0.706475902779180E+001 -0.704522876370004E+003 -0.704522876370004E+003
 -0.510214012853341E+001  0.672089005688637E+002  0.330798324100418E+000 -0.706475902779180E+001 -0.704523155014450E+003 -0.704523155014450E+003
 -0.243302002552599E+001  0.673091477349465E+002  0.330472628123247E+000 -0.706475902779180E+001 -0.704523448385543E+003 -0.704523448385543E+003
 -0.499471778628176E+001  0.672182182097206E+002  0.331698134370842E+000 -0.706475902779180E+001 -0.704523297372247E+003 -0.704523297372247E+003
 -0.407803807505346E+001  0.671503153795386E+002  0.331577371508806E+000 -0.706475902779180E+001 -0.704523444931946E+003 -0.704523444931946E+003
 -0.347984134751766E+001  0.672630150650662E+002  0.330623883346462E+000 -0.706475902779180E+001 -0.704523208483078E+003 -0.704523208483078E+003
